SimTime,GPSR,NGPSR,NPGPSR,NDGPSR
1回目,14.292900,70.246200,54.719400,24.476700
2回目,14.404800,70.709700,55.093600,24.233100
3回目,14.080600,69.814100,55.266500,24.593500
4回目,14.439500,70.281600,54.503900,24.075000
5回目,13.929100,70.235200,54.995400,24.645800
6回目,14.309600,71.053500,55.047700,24.326300
7回目,14.005500,69.433200,55.298200,24.333700
8回目,14.183500,70.243700,54.259500,24.606500
9回目,13.963900,70.003200,54.926500,24.384300
10回目,14.107400,72.616800,55.253900,24.322000
11回目,14.304900,69.535200,54.750100,24.034500
12回目,14.324000,69.892400,55.046800,24.625600
13回目,14.317300,70.230200,54.908900,24.577000
14回目,14.403000,70.206100,54.275200,24.213100
15回目,14.298000,69.023700,55.037400,24.699400
16回目,14.033200,70.106600,55.197500,23.780100
17回目,14.301900,69.690500,55.283600,24.405400
18回目,14.077600,69.596700,55.191100,24.324400
19回目,14.026900,69.852800,54.956500,24.258100
20回目,14.068800,70.755800,55.288700,24.517700
21回目,14.085100,70.432200,54.731400,24.285300
22回目,14.023600,69.736000,54.962800,24.270400
23回目,13.862700,69.589300,55.346000,24.302300
24回目,14.188600,69.500800,54.667600,24.324100
25回目,14.350900,69.856300,55.092500,24.481100
26回目,14.343900,69.787400,54.947700,24.342800
27回目,13.936700,69.830300,55.013900,24.415000
28回目,14.368700,70.458100,55.330400,24.316000
29回目,14.391200,70.187700,55.086700,24.045300
30回目,14.317600,70.224100,54.640000,24.530300
31回目,14.349100,70.041000,54.784100,24.496300
32回目,14.228700,69.143500,54.473000,24.218100
33回目,14.362700,70.450200,55.133300,24.752700
34回目,14.394600,70.417900,54.270200,24.329200
35回目,13.697600,69.644400,55.062400,24.428800
36回目,14.330000,68.998000,54.689100,24.705800
37回目,14.206400,68.922500,55.298300,24.328500
38回目,13.866100,71.060200,55.040400,24.686300
39回目,14.035100,70.099700,54.716500,24.051700
40回目,14.405600,69.438100,55.036200,24.432200
41回目,14.520700,72.963400,55.116700,24.367600
42回目,14.380000,68.968100,54.707900,24.576100
43回目,14.251400,70.490200,54.123200,24.434200
44回目,13.946800,70.410000,54.850100,24.485300
45回目,14.160800,69.619900,55.164800,24.267400
46回目,14.329100,68.984700,55.197600,24.363000
47回目,13.954500,69.253100,55.363100,24.316100
48回目,14.072500,69.918600,54.224600,24.581600
49回目,13.858900,69.437100,54.886900,24.459700
50回目,14.087100,68.946200,55.170300,25.443800
51回目,14.079800,69.819300,55.246600,25.372300
52回目,14.321100,69.527000,55.282700,25.062200
53回目,14.326400,70.152700,54.636700,24.731700
54回目,14.288400,69.717500,55.030100,24.639200
55回目,13.909300,72.090100,54.379800,24.501200
56回目,14.318200,69.657100,55.170000,24.214700
57回目,14.055600,69.810700,55.074200,24.223000
58回目,14.288800,69.978900,55.247700,23.975600
59回目,13.657400,70.048600,54.596400,24.583200
60回目,14.563200,72.815700,55.236600,24.646400
61回目,14.302900,69.341600,55.220900,24.751400
62回目,13.931300,70.150900,54.696400,24.635900
63回目,14.158700,69.520500,55.221800,24.806300
64回目,14.135000,69.697100,55.610700,24.535000
65回目,14.391600,70.896100,54.746000,24.420200
66回目,14.277700,70.105800,54.879700,24.190100
67回目,14.030800,70.155600,55.293900,24.359700
68回目,14.396600,69.200900,55.304400,24.236700
69回目,13.984900,69.478100,55.179300,24.287100
70回目,13.808000,70.815800,55.321300,24.662100
71回目,13.956300,69.560400,55.823500,24.372800
72回目,14.691000,69.671300,55.269400,24.219100
73回目,13.957200,69.041400,55.186000,24.262100
74回目,14.211500,70.113700,55.271700,24.562900
75回目,13.988600,70.717000,55.140800,24.559500
76回目,14.201400,68.652700,55.233900,24.208000
77回目,14.391300,69.471500,55.353500,24.536300
78回目,14.190500,69.889700,55.256300,24.261300
79回目,14.313600,69.362700,55.208100,24.415900
80回目,14.041400,71.253600,55.236000,24.190200
81回目,14.037400,72.723700,55.121800,24.133700
82回目,14.117700,70.182600,54.901200,24.664700
83回目,14.152000,70.379700,54.203800,24.449800
84回目,14.118000,70.495200,55.255800,24.512600
85回目,14.037200,70.727400,55.145700,24.302600
86回目,14.292400,70.521700,55.300400,24.593000
87回目,14.421400,69.091800,55.226400,24.135500
88回目,14.346300,69.546500,55.185100,24.450500
89回目,14.167000,70.041300,55.065200,24.206100
90回目,14.161400,70.520100,54.352300,24.595200
91回目,14.063400,70.696600,55.177500,24.240200
92回目,14.469300,69.953300,55.182800,24.530800
93回目,14.204700,68.882100,55.272100,24.445000
94回目,14.208400,70.354600,55.105300,24.632700
95回目,14.154300,69.356300,54.662600,24.556600
96回目,14.106300,69.947700,54.572900,24.362600
97回目,14.333100,69.136700,54.278500,24.218100
98回目,14.480900,70.259300,54.712200,24.144000
99回目,14.206700,70.860600,54.763400,24.559800
100回目,14.209500,69.743500,55.100000,24.513600
101回目,14.481600,71.970700,54.219900,24.656700
102回目,14.211500,69.957200,54.785100,24.515000
103回目,14.124300,70.423400,55.111400,24.356300
104回目,14.470100,69.879100,55.331500,24.327400
105回目,14.132100,70.272200,55.316700,24.249100
106回目,13.890100,70.254000,55.009700,24.752300
107回目,14.140400,69.755900,55.036900,24.011600
108回目,13.888000,69.896900,54.578800,24.467700
109回目,14.339700,69.784400,55.288900,24.262200
110回目,14.482100,69.987000,55.146900,24.608400
111回目,14.127300,70.337500,54.817100,24.042400
112回目,14.095400,69.066600,55.124200,24.090200
113回目,14.156900,69.399700,54.396700,24.267900
114回目,14.215500,70.170100,55.190100,24.295100
115回目,14.125100,70.413500,54.231600,24.310400
116回目,13.855100,70.463700,55.019100,24.229200
117回目,14.298300,70.195900,54.360300,24.507600
118回目,13.722400,69.675800,54.562700,23.972700
119回目,14.333900,69.829000,55.219400,24.358500
120回目,14.247000,70.174600,54.930800,24.577800
121回目,14.186800,72.331500,54.848100,24.903100
122回目,14.181600,70.564700,54.851400,24.486700
123回目,14.202300,69.810100,55.233500,24.301100
124回目,13.684900,69.719700,54.752000,23.816400
125回目,14.104200,68.640200,55.354000,24.399600
126回目,14.158800,69.940900,55.210000,24.278100
127回目,14.020300,69.539100,55.515000,24.130200
128回目,14.244800,69.827000,54.443700,24.387000
129回目,14.226300,69.580600,55.180600,24.613300
130回目,14.188700,70.330100,55.134500,24.695000
131回目,13.928500,70.579100,55.045100,24.508000
132回目,14.263900,70.026100,55.261100,24.772700
133回目,14.240900,70.302800,54.264100,24.169700
134回目,14.240200,69.963700,55.365000,24.578500
135回目,13.876800,70.997700,54.770900,25.036300
136回目,14.301100,73.013800,55.029700,24.587700
137回目,14.296300,70.917600,55.029900,24.482500
138回目,14.079300,68.960400,54.726700,24.146400
139回目,14.384800,69.537600,54.715700,24.474700
140回目,14.491900,69.826800,55.138000,24.543800
141回目,14.352700,69.569900,55.217300,24.626500
142回目,13.892900,69.995400,55.052900,24.642900
143回目,14.585800,69.825700,55.022500,24.493300
144回目,14.146500,70.205700,55.039300,24.368100
145回目,14.055700,69.183600,55.573200,24.531300
146回目,14.254600,70.202700,55.470800,24.556800
147回目,14.037400,70.317700,55.002600,24.728100
148回目,14.089400,70.564300,55.268800,24.758900
149回目,14.092400,70.022800,55.400500,24.394500
150回目,14.137700,69.181600,55.505600,24.335500
151回目,14.373300,69.400200,54.814200,24.461600
152回目,14.123100,70.415200,55.202800,24.404700
153回目,14.269900,69.584100,54.417700,24.324700
154回目,14.166800,70.278600,55.411600,24.670600
155回目,13.912300,69.442300,55.095600,24.656700
156回目,14.173800,70.299200,55.109500,23.905500
157回目,14.102800,69.602000,54.681200,24.664400
158回目,13.966800,69.301000,54.899400,24.659600
159回目,14.373200,70.210400,54.897300,24.516800
160回目,14.321800,70.030900,54.546900,23.813400
161回目,14.015500,71.253500,55.332000,24.536300
162回目,14.276100,69.241200,54.331200,24.394400
163回目,14.275300,69.917000,55.085400,24.033400
164回目,14.052600,70.836700,55.144800,24.413100
165回目,14.323200,69.867000,54.901100,24.382300
166回目,14.615700,70.194900,54.445700,24.003500
167回目,13.921800,68.743900,55.284700,24.420600
168回目,14.351300,69.707800,55.011100,24.200900
169回目,14.177000,69.163000,54.933300,24.475000
170回目,14.330300,69.486800,54.629000,24.317400
171回目,14.351200,70.191300,55.426500,24.578400
172回目,14.149900,69.729000,54.343400,23.928500
173回目,14.111900,69.763800,54.872000,24.528000
174回目,14.248700,70.509100,55.381300,24.090700
175回目,14.398700,68.502700,55.241800,24.461800
176回目,14.515300,69.890600,55.139100,24.160400
177回目,14.368200,69.978900,55.248900,24.657600
178回目,14.160400,69.272500,54.581200,24.204000
179回目,14.140800,69.904900,54.922100,24.498300
180回目,14.303200,69.537300,55.112300,24.572000
181回目,13.821500,69.662100,55.103900,24.605500
182回目,14.137700,69.953500,55.453500,24.094300
183回目,14.244400,69.689200,55.047700,24.495200
184回目,14.271700,70.494300,55.216300,24.192100
185回目,14.154100,69.927900,54.779500,24.548300
186回目,14.096900,69.078700,54.712600,24.158700
187回目,14.071400,69.737600,55.408400,24.225200
188回目,14.012100,70.807100,55.340200,24.608100
189回目,14.203400,69.291600,55.068400,24.351200
190回目,14.417700,69.875700,55.153700,24.642300
191回目,14.413200,70.335900,54.432800,23.951400
192回目,14.076800,70.524100,55.254400,24.246300
193回目,14.183800,69.512000,54.904400,24.379700
194回目,14.173600,69.403500,55.278300,24.446900
195回目,14.324500,70.189600,55.302100,24.260200
196回目,14.172700,70.032500,55.184000,24.677300
197回目,14.147100,69.648400,54.837100,24.534500
198回目,14.317800,70.252800,55.103700,24.598000
199回目,14.333500,70.295000,54.998900,24.260100
200回目,14.354900,69.418300,55.377100,24.553200
201回目,14.021800,69.784100,54.899300,24.650000
202回目,14.435100,69.936900,54.697900,24.328600
203回目,14.128600,69.489400,55.328900,24.566700
204回目,14.052400,69.306500,55.277700,24.040200
205回目,14.316500,69.991700,55.211600,23.907300
206回目,14.160000,70.403900,55.400200,24.396200
207回目,14.105900,69.587500,55.071000,24.695500
208回目,13.787400,69.353100,54.481500,24.432200
209回目,14.007400,70.400700,55.295800,24.456500
210回目,14.154100,69.595800,55.431400,24.417200
211回目,13.934500,69.235700,55.128800,24.398600
212回目,14.289500,71.474900,54.821400,24.167600
213回目,13.902100,69.659000,54.887300,24.691400
214回目,14.323500,69.806200,55.241700,24.435200
215回目,14.009300,69.337100,55.131900,24.226500
216回目,14.172400,70.202800,55.137500,24.414200
217回目,13.936400,72.089100,54.744500,23.981600
218回目,14.223700,70.249000,55.367800,24.357800
219回目,14.033100,68.543100,54.351800,24.239800
220回目,13.963400,71.405000,55.193700,24.422500
221回目,14.381100,69.648900,54.926800,24.158300
222回目,14.244700,71.096300,55.266500,24.422200
223回目,14.369600,69.694400,54.643600,24.355600
224回目,14.400800,68.673900,54.349700,24.326800
225回目,14.218900,69.754200,55.191600,24.245100
226回目,14.341400,69.870200,54.948300,24.562800
227回目,14.239500,69.205100,54.643400,24.284300
228回目,13.984700,69.074300,54.709000,24.466600
229回目,14.408500,69.800500,54.741600,24.279100
230回目,13.893100,69.669100,55.101900,24.007000
231回目,14.096000,70.148700,55.328800,24.230100
232回目,14.201900,69.670900,55.110100,24.487900
233回目,14.320900,70.229000,55.344000,24.547500
234回目,14.091100,69.156900,55.101200,24.427800
235回目,14.044500,70.416400,55.088600,24.487200
236回目,14.192800,70.194600,55.499400,24.448400
237回目,14.187700,69.317000,54.667000,24.353900
238回目,14.257300,69.948000,55.728300,24.098100
239回目,13.949800,70.323800,55.257600,24.423600
240回目,14.256000,69.608200,54.949500,24.294600
241回目,14.215000,70.940400,55.115100,25.095200
242回目,14.191800,69.574900,55.024600,24.451700
243回目,14.140600,70.166000,55.281000,24.767600
244回目,14.289100,69.278600,54.896900,24.704900
245回目,14.135800,70.195700,55.400700,24.410400
246回目,13.844000,69.495000,55.192900,23.941700
247回目,14.375500,68.777100,55.168100,24.452000
248回目,13.831800,70.365800,55.125000,24.207400
249回目,14.263800,72.014600,55.196600,24.047500
250回目,14.010700,68.653900,54.732400,23.999200
