SimTime,GPSR,NGPSR,NPGPSR,NDGPSR
1回目,95.679400,585.145000,393.580000,177.615000
2回目,96.439600,579.720000,393.535000,178.954000
3回目,94.444900,585.163000,395.949000,178.973000
4回目,96.796600,574.197000,394.089000,180.128000
5回目,97.230900,569.463000,392.753000,179.411000
6回目,94.902500,575.618000,393.260000,176.046000
7回目,96.314500,587.733000,393.191000,179.726000
8回目,96.387100,583.934000,394.900000,178.558000
9回目,94.951900,581.702000,392.595000,179.066000
10回目,95.487600,574.343000,391.915000,181.273000
11回目,95.347000,581.650000,390.102000,179.320000
12回目,95.146900,579.984000,390.586000,177.494000
13回目,93.698700,580.064000,391.042000,177.228000
14回目,96.675300,580.793000,394.803000,179.323000
15回目,94.186000,574.461000,392.968000,179.470000
16回目,94.918900,577.114000,392.930000,175.787000
17回目,95.003100,586.071000,392.481000,179.247000
18回目,94.826200,579.777000,394.342000,180.206000
19回目,95.095000,576.684000,391.237000,177.061000
20回目,95.227300,580.092000,395.178000,178.918000
21回目,94.999000,570.622000,390.955000,179.917000
22回目,95.420300,572.728000,395.342000,179.556000
23回目,94.551800,583.318000,391.063000,181.621000
24回目,96.707300,582.604000,392.924000,176.444000
25回目,94.808000,578.839000,392.732000,178.665000
26回目,93.766800,582.779000,390.568000,179.348000
27回目,95.228400,577.635000,391.861000,179.315000
28回目,95.309600,575.465000,392.095000,175.559000
29回目,95.420400,576.034000,394.136000,179.755000
30回目,93.892000,584.319000,392.869000,179.081000
31回目,95.662400,573.780000,391.584000,178.645000
32回目,95.582300,576.886000,392.393000,180.785000
33回目,95.141900,581.084000,393.464000,179.310000
34回目,95.115600,580.457000,394.905000,180.591000
35回目,96.176300,577.416000,392.256000,178.156000
36回目,96.413800,575.940000,392.507000,178.744000
37回目,96.124800,600.088000,392.522000,180.132000
38回目,95.423700,575.727000,392.118000,177.148000
39回目,95.516200,579.147000,395.442000,179.219000
40回目,95.972100,583.420000,390.859000,176.536000
41回目,93.954600,576.560000,394.655000,179.293000
42回目,93.538500,579.802000,393.006000,178.104000
43回目,95.529400,567.053000,393.657000,180.626000
44回目,95.093900,578.586000,393.584000,181.253000
45回目,95.786800,583.975000,394.959000,176.390000
46回目,94.920500,578.634000,395.141000,177.202000
47回目,94.362400,570.036000,390.764000,180.148000
48回目,95.576800,580.574000,393.901000,180.052000
49回目,95.909200,605.611000,395.122000,178.989000
50回目,96.089700,576.217000,394.716000,180.867000
51回目,95.298900,577.368000,394.381000,179.936000
52回目,94.503700,582.001000,394.776000,179.263000
53回目,95.731000,577.502000,393.724000,180.844000
54回目,94.398500,573.370000,392.977000,180.653000
55回目,95.720200,579.708000,392.374000,178.843000
56回目,95.686800,580.971000,391.499000,179.809000
57回目,94.329800,587.167000,394.422000,181.255000
58回目,95.649900,573.030000,395.310000,177.661000
59回目,95.323300,579.204000,392.830000,179.201000
60回目,95.698100,576.311000,394.052000,178.960000
61回目,96.632500,582.568000,395.355000,176.646000
62回目,96.743500,599.960000,392.536000,180.424000
63回目,96.366400,581.603000,391.946000,179.629000
64回目,95.022400,573.871000,393.948000,180.635000
65回目,95.735100,573.155000,395.193000,178.612000
66回目,95.466500,583.117000,392.339000,178.190000
67回目,94.534300,578.280000,394.846000,180.991000
68回目,94.985800,576.471000,391.776000,182.267000
69回目,95.313400,579.639000,393.339000,179.625000
70回目,93.832800,576.878000,394.238000,179.404000
71回目,94.164700,577.901000,391.786000,181.394000
72回目,94.749900,588.814000,394.918000,178.099000
73回目,95.858400,580.592000,394.319000,182.933000
74回目,94.630800,577.527000,391.178000,179.404000
75回目,95.782500,575.024000,391.679000,178.286000
76回目,94.286000,577.529000,394.775000,179.652000
77回目,94.555800,578.398000,395.130000,178.400000
78回目,95.734500,578.444000,390.499000,179.803000
79回目,97.278900,577.352000,391.375000,179.705000
80回目,94.762200,578.156000,394.759000,179.889000
81回目,95.985900,581.545000,394.206000,178.540000
82回目,94.584900,570.781000,391.878000,178.868000
83回目,95.242700,581.961000,389.871000,177.945000
84回目,95.828600,576.051000,392.163000,176.262000
85回目,94.808800,576.792000,397.217000,178.784000
86回目,95.675800,581.126000,394.624000,177.801000
87回目,98.456400,604.404000,393.126000,179.253000
88回目,95.493900,576.050000,394.618000,180.947000
89回目,95.768000,578.414000,394.551000,178.979000
90回目,96.268400,583.471000,393.873000,179.818000
91回目,96.975800,579.162000,394.006000,179.881000
92回目,95.086200,575.200000,394.356000,178.198000
93回目,95.363100,577.773000,393.855000,179.059000
94回目,94.887700,579.533000,392.753000,178.700000
95回目,95.022600,578.500000,398.209000,180.034000
96回目,96.062300,576.266000,394.588000,180.955000
97回目,93.517200,581.918000,391.960000,180.110000
98回目,93.328700,574.837000,390.270000,180.164000
99回目,97.444000,582.924000,391.554000,179.670000
100回目,94.287600,583.768000,393.629000,179.980000
101回目,96.359500,576.863000,392.772000,180.158000
102回目,95.554200,579.259000,392.666000,178.009000
103回目,94.611100,583.027000,391.339000,179.709000
104回目,95.268200,574.266000,393.254000,178.542000
105回目,95.424100,580.880000,391.685000,179.317000
106回目,95.394300,577.836000,393.109000,177.088000
107回目,95.004600,579.954000,393.131000,178.270000
108回目,95.682000,577.059000,392.382000,178.192000
109回目,95.621900,581.926000,395.055000,178.237000
110回目,94.211200,578.883000,392.928000,179.055000
111回目,94.725900,588.523000,396.289000,180.147000
112回目,94.135800,586.287000,394.562000,178.834000
113回目,96.191800,574.297000,395.458000,180.045000
114回目,96.386900,581.089000,395.200000,179.282000
115回目,94.422600,585.761000,392.647000,179.818000
116回目,95.614700,583.644000,392.911000,180.419000
117回目,97.029300,575.845000,391.959000,178.911000
118回目,94.742600,577.555000,392.987000,179.008000
119回目,94.242400,580.866000,394.660000,180.271000
120回目,94.033800,578.455000,393.507000,178.860000
121回目,94.950200,575.558000,394.571000,179.892000
122回目,96.586100,577.471000,391.910000,179.541000
123回目,95.681700,578.518000,391.371000,177.918000
124回目,94.511500,584.456000,395.372000,179.031000
125回目,94.711600,585.946000,392.935000,178.686000
126回目,96.658500,572.156000,391.822000,180.625000
127回目,97.156600,584.814000,390.644000,179.710000
128回目,95.688900,581.645000,393.438000,179.131000
129回目,96.807000,584.691000,390.882000,182.398000
130回目,95.669300,583.143000,393.596000,177.900000
131回目,96.212700,579.915000,395.156000,182.237000
132回目,94.650400,582.360000,394.178000,180.284000
133回目,94.128900,572.812000,395.657000,178.648000
134回目,95.565000,577.798000,393.103000,179.577000
135回目,95.559300,583.242000,391.715000,179.205000
136回目,95.472200,582.870000,394.030000,179.833000
137回目,94.874600,589.301000,393.713000,180.548000
138回目,94.252400,580.570000,394.367000,179.806000
139回目,96.150900,580.334000,395.214000,178.466000
140回目,99.175300,589.095000,390.912000,181.598000
141回目,95.855400,581.833000,392.874000,179.963000
142回目,95.323100,580.264000,395.124000,178.788000
143回目,95.279500,583.587000,395.005000,177.825000
144回目,96.587400,582.551000,392.565000,179.042000
145回目,95.322800,577.010000,393.985000,179.437000
146回目,94.010600,574.367000,392.017000,179.645000
147回目,95.936900,581.685000,391.605000,178.444000
148回目,94.881200,585.607000,395.080000,179.649000
149回目,95.004300,577.706000,394.076000,179.037000
150回目,94.003900,571.657000,391.160000,179.954000
151回目,93.105600,580.356000,390.843000,180.689000
152回目,97.903100,579.695000,393.944000,177.043000
153回目,95.832400,576.661000,394.440000,178.523000
154回目,94.909200,583.801000,396.953000,179.423000
155回目,95.078900,578.653000,391.935000,177.790000
156回目,94.640500,580.412000,393.390000,179.743000
157回目,99.221400,574.749000,392.325000,177.797000
158回目,98.478500,577.374000,391.257000,180.364000
159回目,95.745600,581.028000,393.022000,177.859000
160回目,95.780300,581.641000,394.929000,180.124000
161回目,95.498900,581.742000,394.017000,179.304000
162回目,95.187300,579.193000,395.756000,179.114000
163回目,95.474500,579.942000,392.520000,176.594000
164回目,93.903200,574.237000,393.356000,179.582000
165回目,93.873300,578.535000,391.529000,179.636000
166回目,95.888100,578.244000,393.071000,178.128000
167回目,94.542100,590.935000,392.442000,177.154000
168回目,93.744100,586.358000,394.005000,179.792000
169回目,95.442700,571.604000,393.588000,178.981000
170回目,94.118500,576.660000,395.841000,179.210000
171回目,96.364200,573.558000,394.579000,178.057000
172回目,94.637800,582.594000,394.110000,178.342000
173回目,95.196400,581.646000,392.704000,180.272000
174回目,96.212500,580.912000,394.182000,178.759000
175回目,96.087200,584.493000,396.256000,180.218000
176回目,95.704900,580.547000,392.339000,180.381000
177回目,94.202700,574.203000,393.086000,179.587000
178回目,95.376900,579.569000,393.023000,180.588000
179回目,95.759100,578.441000,395.279000,179.417000
180回目,96.197300,574.483000,393.256000,178.418000
181回目,95.820500,578.310000,393.178000,177.683000
182回目,94.999300,581.638000,391.922000,179.747000
183回目,96.584700,586.870000,393.044000,178.427000
184回目,94.535800,582.950000,395.805000,178.408000
185回目,98.190000,575.587000,393.657000,178.050000
186回目,94.761800,577.482000,392.955000,179.276000
187回目,94.640500,577.883000,393.092000,176.914000
188回目,95.642700,579.137000,391.276000,180.134000
189回目,95.879700,580.609000,393.794000,178.343000
190回目,94.769200,578.317000,391.365000,179.860000
191回目,95.779100,588.322000,394.724000,178.209000
192回目,95.692900,581.022000,392.336000,178.286000
193回目,95.748200,582.712000,391.170000,178.467000
194回目,94.441900,581.626000,393.940000,180.070000
195回目,96.741000,578.344000,392.829000,180.011000
196回目,96.059400,578.115000,393.488000,178.862000
197回目,95.382600,583.592000,392.131000,178.779000
198回目,95.350400,582.458000,393.145000,179.481000
199回目,94.303000,575.292000,392.602000,179.684000
200回目,95.288800,579.683000,393.299000,178.947000
201回目,95.122700,584.878000,391.703000,180.386000
202回目,96.171300,579.277000,395.431000,177.572000
203回目,94.439000,593.170000,393.665000,177.554000
204回目,94.667000,574.246000,391.374000,180.345000
205回目,93.692000,577.113000,395.192000,177.139000
206回目,96.333800,584.004000,393.042000,178.578000
207回目,94.514700,579.883000,393.588000,178.740000
208回目,94.853100,579.909000,391.981000,178.066000
209回目,95.449600,571.779000,394.331000,179.840000
210回目,94.876900,578.694000,389.849000,179.750000
211回目,95.247600,582.560000,392.608000,180.411000
212回目,95.826100,580.778000,389.752000,177.794000
213回目,95.276200,574.446000,396.046000,178.445000
214回目,95.949300,586.467000,391.527000,179.390000
215回目,94.246000,583.371000,393.677000,179.363000
216回目,96.085800,584.018000,394.696000,180.279000
217回目,98.400200,584.853000,392.048000,179.968000
218回目,95.377600,584.926000,395.367000,179.948000
219回目,94.765300,577.295000,394.928000,176.313000
220回目,94.171000,576.710000,392.670000,179.025000
221回目,94.869400,581.843000,393.371000,177.580000
222回目,95.535800,579.117000,394.965000,177.274000
223回目,95.828900,575.803000,393.798000,180.315000
224回目,95.622600,581.169000,390.871000,182.073000
225回目,93.899200,580.640000,392.400000,178.532000
226回目,96.144000,577.483000,395.209000,177.690000
227回目,95.501500,580.181000,391.478000,178.699000
228回目,96.313500,586.720000,394.536000,179.181000
229回目,95.335200,578.785000,393.997000,179.373000
230回目,96.377800,575.467000,392.794000,181.616000
231回目,95.151900,583.928000,392.219000,180.378000
232回目,94.655600,582.518000,392.791000,178.262000
233回目,95.296900,580.027000,392.924000,178.108000
234回目,95.769000,580.613000,392.161000,178.805000
235回目,95.514600,585.897000,393.730000,178.735000
236回目,95.588600,579.491000,394.475000,179.881000
237回目,94.583000,580.356000,395.221000,178.570000
238回目,94.990500,578.774000,392.121000,178.548000
239回目,95.067800,580.028000,396.481000,177.746000
240回目,94.751400,573.240000,394.014000,179.135000
241回目,95.416400,576.869000,392.627000,178.956000
242回目,95.577700,579.670000,394.007000,178.845000
243回目,96.196600,582.406000,391.710000,178.693000
244回目,95.086800,579.760000,393.879000,177.972000
245回目,98.075300,583.031000,392.102000,179.953000
246回目,96.370800,582.761000,390.717000,179.622000
247回目,95.996800,581.456000,394.984000,177.650000
248回目,97.087600,577.949000,392.102000,178.428000
249回目,94.324100,577.695000,391.623000,180.736000
250回目,94.845500,582.194000,394.528000,180.253000
