Delay,GPSR,NGPSR,NPGPSR,NDGPSR
1回目,2.061430,2.056070,5.873870,2.197660
2回目,10.061700,5.782670,2.194790,2.130520
3回目,2.061430,9.599750,9.590420,2.019410
4回目,1.899780,2.171800,1.966140,6.080470
5回目,10.296900,13.471700,9.781850,6.080470
6回目,10.061700,2.005920,2.323260,5.905930
7回目,10.296900,2.012110,9.592610,6.080470
8回目,10.346400,6.007170,1.970310,5.905930
9回目,10.061700,9.599750,5.883600,6.010900
10回目,14.528100,9.599750,2.265020,2.197660
11回目,10.296900,5.782670,2.071150,5.905930
12回目,10.296900,6.007170,1.949880,6.010900
13回目,14.528100,5.918640,9.741820,6.010900
14回目,1.927790,2.195100,1.978610,2.170580
15回目,10.061700,9.599750,13.693900,2.197660
16回目,2.061430,6.007170,2.034310,2.019410
17回目,1.899780,2.208080,5.889910,2.139180
18回目,1.892720,9.599750,9.752150,2.170580
19回目,10.296900,9.898510,2.356520,25.047200
20回目,1.899780,2.193650,2.137780,5.905930
21回目,1.899780,2.195100,9.415670,5.905930
22回目,10.659300,2.208080,9.860840,2.159270
23回目,14.528100,2.012110,5.869180,2.019410
24回目,10.256300,2.193650,17.269800,2.139180
25回目,10.659300,20.349100,5.919920,6.010900
26回目,10.659300,6.007170,10.080900,2.197660
27回目,10.061700,2.005920,5.999160,2.130520
28回目,10.256300,20.349100,1.990640,2.130520
29回目,10.061700,2.005920,6.200600,2.139180
30回目,1.899780,5.918640,6.015630,2.197660
31回目,1.892720,2.048040,2.119450,6.010900
32回目,1.927790,20.349100,5.981250,6.080470
33回目,10.061700,13.323300,5.946460,25.047200
34回目,2.061430,13.323300,2.359400,2.170580
35回目,1.927790,2.078280,5.851510,25.047200
36回目,10.346400,13.471700,6.027730,2.170580
37回目,10.296900,5.914070,2.109380,25.047200
38回目,1.892720,20.349100,6.076150,6.010900
39回目,6.277500,2.078280,2.024080,6.080470
40回目,14.528100,2.193650,2.305740,2.130520
41回目,10.061700,6.007170,2.157430,2.130520
42回目,10.659300,5.914070,2.102780,2.139180
43回目,6.277500,2.005920,2.050740,5.905930
44回目,1.892720,20.349100,2.268730,5.905930
45回目,6.277500,2.193650,2.192860,2.170580
46回目,10.296900,2.048040,9.747870,2.019410
47回目,10.061700,2.096730,5.981100,2.159270
48回目,10.659300,5.782670,6.036710,25.047200
49回目,6.277500,20.349100,6.047080,5.808180
50回目,10.256300,2.193650,2.311580,5.808180
51回目,6.277500,6.007170,6.010830,2.159270
52回目,10.659300,13.471700,5.919670,6.080470
53回目,10.659300,2.012110,5.771020,2.139180
54回目,10.659300,9.898510,5.732420,2.159270
55回目,6.277500,2.096730,5.893850,2.197660
56回目,10.296900,9.898510,5.983570,6.080470
57回目,1.899780,9.898510,5.910370,2.139180
58回目,2.061430,2.193650,5.892870,6.010900
59回目,1.927790,2.012110,5.851810,2.139180
60回目,14.528100,13.471700,1.970870,6.010900
61回目,10.659300,2.193650,10.144300,2.130520
62回目,1.927790,2.208080,5.906000,2.159270
63回目,10.346400,6.007170,5.934970,6.010900
64回目,14.528100,2.195100,6.031930,2.170580
65回目,14.528100,2.096730,2.037180,6.080470
66回目,10.659300,5.782670,5.914650,2.197660
67回目,10.659300,2.208080,2.196970,2.019410
68回目,10.256300,2.048040,5.745130,5.905930
69回目,1.899780,2.078280,2.088380,2.139180
70回目,10.256300,5.944990,1.919850,2.130520
71回目,10.061700,13.471700,2.136190,25.047200
72回目,10.061700,5.823920,1.983970,2.197660
73回目,14.528100,2.193650,2.018530,25.047200
74回目,1.892720,5.782670,2.099060,5.905930
75回目,6.277500,5.918640,5.805380,2.019410
76回目,1.892720,2.171800,2.169530,2.019410
77回目,10.296900,2.193650,9.776630,2.130520
78回目,1.927790,9.898510,9.867890,6.080470
79回目,10.256300,13.323300,6.135700,5.808180
80回目,1.899780,2.056070,5.823560,2.130520
81回目,2.061430,2.195100,5.995500,2.159270
82回目,1.892720,2.193650,1.997150,2.130520
83回目,1.899780,13.471700,1.998750,5.808180
84回目,10.256300,6.007170,9.585190,6.010900
85回目,10.256300,5.782670,2.076580,6.080470
86回目,6.277500,5.782670,2.173690,6.010900
87回目,6.277500,2.005920,5.902590,2.197660
88回目,1.892720,9.898510,2.044910,2.130520
89回目,2.061430,13.323300,9.797700,5.905930
90回目,1.892720,20.349100,2.010250,2.197660
91回目,1.892720,2.193650,2.062370,6.080470
92回目,6.277500,13.323300,17.527800,2.159270
93回目,10.296900,9.898510,2.076480,2.130520
94回目,1.899780,5.944990,2.084900,2.159270
95回目,1.892720,20.349100,1.943270,6.080470
96回目,14.528100,2.048040,2.030720,2.170580
97回目,6.277500,2.096730,2.254050,2.019410
98回目,1.927790,5.782670,9.952260,2.130520
99回目,10.296900,2.012110,2.053450,6.080470
100回目,14.528100,2.208080,1.931560,6.010900
101回目,1.892720,20.349100,2.213930,25.047200
102回目,10.346400,9.898510,2.021080,2.170580
103回目,6.277500,2.193650,2.118110,25.047200
104回目,1.899780,2.096730,9.825200,6.010900
105回目,10.659300,6.007170,1.951880,2.170580
106回目,1.927790,5.782670,5.877690,2.159270
107回目,10.296900,5.907670,1.930680,5.808180
108回目,10.256300,2.005920,1.979290,2.159270
109回目,6.277500,9.599750,2.087460,5.905930
110回目,14.528100,20.349100,2.148760,2.197660
111回目,10.256300,2.012110,5.950780,2.139180
112回目,1.899780,5.918640,2.044740,5.808180
113回目,10.256300,2.012110,2.083170,2.139180
114回目,10.256300,5.918640,2.089500,6.010900
115回目,10.061700,5.918640,5.896710,25.047200
116回目,1.899780,5.907670,5.984570,6.010900
117回目,1.892720,6.007170,6.077240,2.170580
118回目,10.061700,2.193650,5.949770,6.080470
119回目,1.899780,6.007170,2.017990,5.808180
120回目,2.061430,2.195100,2.033190,6.080470
121回目,2.061430,6.007170,2.148950,2.139180
122回目,10.061700,2.208080,9.540240,5.905930
123回目,1.899780,2.012110,2.232390,5.808180
124回目,10.296900,6.007170,2.110950,6.080470
125回目,1.892720,5.914070,2.089410,2.170580
126回目,10.346400,5.914070,2.281170,2.019410
127回目,10.061700,9.898510,9.820770,5.808180
128回目,1.899780,5.918640,2.328010,6.080470
129回目,1.892720,2.078280,6.008390,6.080470
130回目,10.256300,20.349100,5.967520,2.019410
131回目,10.659300,2.012110,2.105170,5.905930
132回目,14.528100,2.195100,5.841550,5.808180
133回目,1.892720,2.195100,2.046740,2.197660
134回目,1.892720,5.918640,5.679210,2.019410
135回目,1.927790,2.078280,2.148490,2.170580
136回目,14.528100,2.056070,5.855080,6.010900
137回目,1.892720,2.005920,6.116350,5.808180
138回目,10.061700,5.782670,1.890360,2.019410
139回目,6.277500,13.471700,2.093400,25.047200
140回目,1.927790,2.208080,5.891500,25.047200
141回目,1.899780,2.193650,6.076140,2.130520
142回目,10.061700,5.782670,2.138580,2.170580
143回目,1.899780,9.599750,2.008970,2.170580
144回目,2.061430,2.056070,2.162520,6.080470
145回目,10.346400,2.208080,5.887540,2.170580
146回目,10.296900,5.914070,6.075070,2.170580
147回目,10.346400,2.193650,2.170990,2.159270
148回目,2.061430,5.914070,13.723800,2.170580
149回目,6.277500,6.007170,5.879640,5.905930
150回目,10.346400,6.007170,1.961500,2.130520
151回目,1.892720,5.782670,5.938970,6.080470
152回目,1.927790,6.007170,2.193170,25.047200
153回目,10.256300,2.012110,5.859490,2.019410
154回目,2.061430,13.323300,2.139350,5.808180
155回目,1.899780,5.944990,9.546680,2.197660
156回目,1.927790,13.471700,2.183360,2.197660
157回目,6.277500,2.005920,9.923380,2.197660
158回目,2.061430,13.471700,6.076420,2.159270
159回目,10.256300,2.005920,5.953610,6.010900
160回目,10.256300,2.193650,5.668620,5.808180
161回目,10.061700,2.012110,9.884560,25.047200
162回目,1.892720,5.823920,1.937790,2.019410
163回目,10.256300,2.078280,2.381970,5.808180
164回目,14.528100,2.078280,2.186990,2.197660
165回目,14.528100,2.012110,14.151200,25.047200
166回目,2.061430,2.193650,2.115900,2.019410
167回目,1.927790,13.471700,4.028840,2.139180
168回目,1.927790,2.208080,9.499580,5.808180
169回目,10.256300,2.048040,5.769570,25.047200
170回目,1.899780,2.078280,5.950630,2.159270
171回目,10.346400,9.599750,2.148480,2.159270
172回目,6.277500,5.782670,9.727990,2.130520
173回目,10.061700,9.599750,6.002750,6.010900
174回目,14.528100,2.195100,2.338150,2.159270
175回目,1.892720,6.007170,2.118150,2.130520
176回目,10.256300,2.208080,5.999210,5.905930
177回目,6.277500,9.599750,2.135310,5.808180
178回目,1.899780,5.782670,2.030900,2.130520
179回目,1.892720,2.193650,5.758090,2.197660
180回目,10.061700,2.012110,2.089800,5.905930
181回目,1.892720,2.193650,5.882930,2.159270
182回目,10.659300,2.012110,2.164820,2.139180
183回目,1.892720,5.782670,2.074000,5.905930
184回目,10.061700,2.195100,5.860540,25.047200
185回目,2.061430,2.208080,2.123830,2.139180
186回目,10.296900,2.195100,2.244730,2.159270
187回目,14.528100,6.007170,2.031200,2.139180
188回目,14.528100,13.471700,9.541290,2.130520
189回目,1.899780,2.078280,2.032610,5.808180
190回目,10.659300,2.005920,2.141310,2.170580
191回目,10.346400,5.907670,2.372270,2.159270
192回目,10.346400,9.599750,2.020420,2.170580
193回目,10.659300,2.012110,5.963150,25.047200
194回目,10.296900,2.195100,2.355920,25.047200
195回目,1.892720,2.012110,2.115920,5.905930
196回目,6.277500,2.171800,2.167140,2.197660
197回目,6.277500,2.005920,1.939050,5.808180
198回目,1.927790,5.823920,5.890710,5.808180
199回目,1.892720,5.823920,2.053430,2.170580
200回目,2.061430,2.056070,5.927240,25.047200
201回目,10.296900,13.471700,8.224110,5.905930
202回目,1.899780,6.007170,2.008900,2.019410
203回目,6.277500,5.907670,5.785400,2.159270
204回目,10.256300,6.007170,2.077100,2.019410
205回目,2.061430,13.471700,6.032980,2.019410
206回目,1.927790,9.599750,2.239260,2.159270
207回目,1.927790,20.349100,5.891500,2.170580
208回目,10.296900,2.078280,5.885790,6.010900
209回目,14.528100,2.012110,2.186340,2.197660
210回目,10.296900,2.195100,5.925210,5.808180
211回目,10.346400,6.007170,2.162520,2.197660
212回目,2.061430,5.907670,2.191160,2.197660
213回目,1.899780,2.193650,1.969280,25.047200
214回目,1.927790,5.823920,6.118560,6.080470
215回目,1.927790,5.918640,5.813070,2.130520
216回目,14.528100,2.193650,9.784710,5.808180
217回目,6.277500,2.195100,6.117000,6.080470
218回目,10.061700,9.898510,5.892570,2.130520
219回目,10.296900,9.898510,2.168080,25.047200
220回目,2.061430,9.599750,1.970810,2.130520
221回目,6.277500,5.823920,2.229800,6.010900
222回目,10.061700,2.012110,5.831290,2.130520
223回目,14.528100,2.195100,5.945260,2.139180
224回目,1.892720,2.208080,5.891500,2.159270
225回目,10.296900,2.096730,5.922450,5.905930
226回目,14.528100,5.782670,5.915580,6.010900
227回目,10.256300,9.898510,1.992180,2.130520
228回目,10.061700,13.323300,6.197400,2.159270
229回目,14.528100,2.005920,2.129330,2.170580
230回目,6.277500,9.599750,2.016840,2.130520
231回目,1.892720,5.782670,6.177650,2.130520
232回目,1.927790,2.005920,2.173640,25.047200
233回目,10.346400,20.349100,2.107930,2.159270
234回目,1.899780,5.944990,2.055580,2.197660
235回目,10.296900,2.005920,5.903430,6.080470
236回目,1.899780,2.193650,2.175540,25.047200
237回目,10.256300,2.195100,2.119550,6.010900
238回目,10.346400,13.471700,2.068830,25.047200
239回目,6.277500,13.471700,2.099530,2.197660
240回目,10.061700,6.007170,9.719270,5.808180
241回目,2.061430,9.898510,5.919780,2.019410
242回目,10.296900,2.208080,5.809880,2.159270
243回目,10.296900,2.048040,3.978330,2.197660
244回目,10.346400,5.782670,5.879540,2.130520
245回目,6.277500,5.782670,2.245130,2.019410
246回目,10.256300,5.823920,5.891540,2.197660
247回目,1.899780,13.471700,2.073200,2.170580
248回目,6.277500,2.208080,2.273170,5.808180
249回目,6.277500,6.007170,2.172960,2.197660
250回目,1.892720,13.471700,5.895150,6.080470
