Loss,GPSR,NGPSR,NPGPSR,NDGPSR
1回目,15.100700,9.395970,10.402700,12.416100
2回目,14.141400,7.046980,10.402700,9.060400
3回目,15.100700,9.060400,11.111100,11.745000
4回目,18.456400,9.731540,12.416100,12.416100
5回目,14.094000,11.073800,11.745000,12.416100
6回目,14.141400,8.724830,10.738300,11.409400
7回目,14.094000,8.724830,11.409400,12.416100
8回目,16.443000,10.067100,12.751700,11.409400
9回目,14.141400,9.060400,10.774400,12.416100
10回目,16.778500,9.060400,11.073800,12.416100
11回目,14.094000,7.046980,13.087200,11.409400
12回目,14.094000,10.067100,12.751700,12.416100
13回目,16.778500,9.060400,10.067100,12.416100
14回目,16.443000,8.053690,13.758400,11.073800
15回目,14.141400,9.060400,11.111100,12.416100
16回目,15.100700,10.067100,10.067100,11.745000
17回目,18.456400,8.417510,10.402700,9.060400
18回目,19.798700,9.060400,9.090910,11.073800
19回目,14.094000,9.731540,10.402700,10.774400
20回目,18.456400,6.711410,8.724830,11.409400
21回目,18.456400,8.053690,7.382550,11.409400
22回目,17.785200,8.417510,9.731540,10.402700
23回目,16.778500,8.724830,9.731540,11.745000
24回目,16.107400,6.711410,10.402700,9.060400
25回目,17.785200,6.711410,12.416100,12.416100
26回目,17.785200,10.067100,12.751700,12.416100
27回目,14.141400,8.724830,9.060400,9.060400
28回目,16.107400,6.711410,11.073800,9.060400
29回目,14.141400,8.724830,12.080500,9.060400
30回目,18.456400,9.060400,10.402700,12.416100
31回目,19.798700,10.067100,11.745000,12.416100
32回目,16.443000,6.711410,10.402700,12.416100
33回目,14.141400,9.060400,12.751700,10.774400
34回目,15.100700,9.060400,13.422800,11.073800
35回目,16.443000,10.067100,10.437700,10.774400
36回目,16.443000,11.073800,10.738300,11.073800
37回目,14.094000,9.395970,10.402700,10.774400
38回目,19.798700,6.711410,12.080500,12.416100
39回目,17.114100,10.067100,9.395970,12.416100
40回目,16.778500,6.711410,9.731540,9.060400
41回目,14.141400,10.067100,12.080500,9.060400
42回目,17.785200,9.395970,11.409400,9.060400
43回目,17.114100,8.724830,11.745000,11.409400
44回目,19.798700,6.711410,10.067100,11.409400
45回目,17.114100,6.711410,12.080500,11.073800
46回目,14.094000,10.067100,11.409400,11.745000
47回目,14.141400,12.416100,10.402700,10.402700
48回目,17.785200,7.046980,11.073800,10.774400
49回目,17.114100,6.711410,11.784500,8.053690
50回目,16.107400,6.711410,11.409400,8.053690
51回目,17.114100,10.067100,11.073800,10.402700
52回目,17.785200,11.073800,10.067100,12.416100
53回目,17.785200,8.724830,7.718120,9.060400
54回目,17.785200,9.731540,10.067100,10.402700
55回目,17.114100,12.416100,8.053690,12.416100
56回目,14.094000,9.731540,9.731540,12.416100
57回目,18.456400,9.731540,10.738300,9.060400
58回目,15.100700,6.711410,9.395970,12.416100
59回目,16.443000,8.724830,10.774400,9.060400
60回目,16.778500,11.073800,11.745000,12.416100
61回目,17.785200,6.711410,12.416100,9.060400
62回目,16.443000,8.417510,10.402700,10.402700
63回目,16.443000,10.067100,13.087200,12.416100
64回目,16.778500,8.053690,11.745000,11.073800
65回目,16.778500,12.416100,12.416100,12.416100
66回目,17.785200,7.046980,12.794600,12.416100
67回目,17.785200,8.417510,13.758400,11.745000
68回目,16.107400,10.067100,10.402700,11.409400
69回目,18.456400,10.067100,11.745000,9.060400
70回目,16.107400,10.402700,7.382550,9.060400
71回目,14.141400,11.073800,13.087200,10.774400
72回目,14.141400,11.409400,9.060400,12.416100
73回目,16.778500,6.711410,13.468000,10.774400
74回目,19.798700,7.046980,12.080500,11.409400
75回目,17.114100,9.060400,8.053690,11.745000
76回目,19.798700,9.731540,12.416100,11.745000
77回目,14.094000,6.711410,10.402700,9.060400
78回目,16.443000,9.731540,10.067100,12.416100
79回目,16.107400,9.060400,11.073800,8.053690
80回目,18.456400,9.395970,10.402700,9.060400
81回目,15.100700,8.053690,11.447800,10.402700
82回目,19.798700,6.711410,10.738300,9.060400
83回目,18.456400,11.073800,10.067100,8.053690
84回目,16.107400,10.067100,10.402700,12.416100
85回目,16.107400,7.046980,8.389260,12.416100
86回目,17.114100,7.046980,11.409400,12.416100
87回目,17.114100,8.724830,11.409400,12.416100
88回目,19.798700,9.731540,11.073800,9.060400
89回目,15.100700,9.060400,10.738300,11.409400
90回目,19.798700,6.711410,9.731540,12.416100
91回目,19.798700,6.711410,10.437700,12.416100
92回目,17.114100,9.060400,10.738300,10.402700
93回目,14.094000,9.731540,7.382550,9.060400
94回目,18.456400,10.402700,11.409400,10.402700
95回目,19.798700,6.711410,11.409400,12.416100
96回目,16.778500,10.067100,10.402700,11.073800
97回目,17.114100,12.416100,10.067100,11.745000
98回目,16.443000,7.046980,11.409400,9.060400
99回目,14.094000,8.724830,10.437700,12.416100
100回目,16.778500,8.417510,12.416100,12.416100
101回目,19.798700,6.711410,11.073800,10.774400
102回目,16.443000,9.731540,12.080500,11.073800
103回目,17.114100,6.711410,10.402700,10.774400
104回目,18.456400,12.416100,12.080500,12.416100
105回目,17.785200,10.067100,9.731540,11.073800
106回目,16.443000,7.046980,11.784500,10.402700
107回目,14.094000,12.121200,10.402700,8.053690
108回目,16.107400,8.724830,8.724830,10.402700
109回目,17.114100,9.060400,11.073800,11.409400
110回目,16.778500,6.711410,12.416100,12.416100
111回目,16.107400,8.724830,10.402700,9.060400
112回目,18.456400,9.060400,8.724830,8.053690
113回目,16.107400,8.724830,9.395970,9.060400
114回目,16.107400,9.060400,10.402700,12.416100
115回目,14.141400,9.060400,9.060400,10.774400
116回目,18.456400,12.121200,13.087200,12.416100
117回目,19.798700,10.067100,12.080500,11.073800
118回目,14.141400,6.711410,10.738300,12.416100
119回目,18.456400,10.067100,11.745000,8.053690
120回目,15.100700,8.053690,13.087200,12.416100
121回目,15.100700,10.067100,14.094000,9.060400
122回目,14.141400,8.417510,10.067100,11.409400
123回目,18.456400,8.724830,8.389260,8.053690
124回目,14.094000,10.067100,10.738300,12.416100
125回目,19.798700,9.395970,10.738300,11.073800
126回目,16.443000,9.395970,11.745000,11.745000
127回目,14.141400,9.731540,11.784500,8.053690
128回目,18.456400,9.060400,10.067100,12.416100
129回目,19.798700,10.067100,11.073800,12.416100
130回目,16.107400,6.711410,11.073800,11.745000
131回目,17.785200,8.724830,10.402700,11.409400
132回目,16.778500,8.053690,12.751700,8.053690
133回目,19.798700,8.053690,13.422800,12.416100
134回目,19.798700,9.060400,7.718120,11.745000
135回目,16.443000,10.067100,14.765100,11.073800
136回目,16.778500,9.395970,10.738300,12.416100
137回目,19.798700,8.724830,13.087200,8.053690
138回目,14.141400,7.046980,10.067100,11.745000
139回目,17.114100,11.073800,9.060400,10.774400
140回目,16.443000,8.417510,11.784500,10.774400
141回目,18.456400,6.711410,10.067100,9.060400
142回目,14.141400,7.046980,9.731540,11.073800
143回目,18.456400,9.060400,9.395970,11.073800
144回目,15.100700,9.395970,9.731540,12.416100
145回目,16.443000,8.417510,10.067100,11.073800
146回目,14.094000,9.395970,11.447800,11.073800
147回目,16.443000,6.711410,11.409400,10.402700
148回目,15.100700,9.395970,10.402700,11.073800
149回目,17.114100,10.067100,9.731540,11.409400
150回目,16.443000,10.067100,12.416100,9.060400
151回目,19.798700,7.046980,10.738300,12.416100
152回目,16.443000,10.067100,10.738300,10.774400
153回目,16.107400,8.724830,12.080500,11.745000
154回目,15.100700,9.060400,11.073800,8.053690
155回目,18.456400,10.402700,10.738300,12.416100
156回目,16.443000,11.073800,11.409400,12.416100
157回目,17.114100,8.724830,9.731540,12.416100
158回目,15.100700,11.073800,12.457900,10.402700
159回目,16.107400,8.724830,10.067100,12.416100
160回目,16.107400,6.711410,9.060400,8.053690
161回目,14.141400,8.724830,9.731540,10.774400
162回目,19.798700,11.409400,9.731540,11.745000
163回目,16.107400,10.067100,9.060400,8.053690
164回目,16.778500,10.067100,9.060400,12.416100
165回目,16.778500,8.724830,12.080500,10.774400
166回目,15.100700,6.711410,8.724830,11.745000
167回目,16.443000,11.073800,12.080500,9.060400
168回目,16.443000,8.417510,9.060400,8.053690
169回目,16.107400,10.067100,8.053690,10.774400
170回目,18.456400,10.067100,11.745000,10.402700
171回目,16.443000,9.060400,13.087200,10.402700
172回目,17.114100,7.046980,10.437700,9.060400
173回目,14.141400,9.060400,11.745000,12.416100
174回目,16.778500,8.053690,10.738300,10.402700
175回目,19.798700,10.067100,14.429500,9.060400
176回目,16.107400,8.417510,11.745000,11.409400
177回目,17.114100,9.060400,12.416100,8.053690
178回目,18.456400,7.046980,8.389260,9.060400
179回目,19.798700,6.711410,9.731540,12.416100
180回目,14.141400,8.724830,11.073800,11.409400
181回目,19.798700,6.711410,11.745000,10.402700
182回目,17.785200,8.724830,11.409400,9.060400
183回目,19.798700,7.046980,11.073800,11.409400
184回目,14.141400,8.053690,9.395970,10.774400
185回目,15.100700,8.417510,10.402700,9.060400
186回目,14.094000,8.053690,10.067100,10.402700
187回目,16.778500,10.067100,11.073800,9.060400
188回目,16.778500,11.073800,9.395970,9.060400
189回目,18.456400,10.067100,10.738300,8.053690
190回目,17.785200,8.724830,15.151500,11.073800
191回目,16.443000,12.121200,11.745000,10.402700
192回目,16.443000,9.060400,12.751700,11.073800
193回目,17.785200,8.724830,8.724830,10.774400
194回目,14.094000,8.053690,10.067100,10.774400
195回目,19.798700,8.724830,11.409400,11.409400
196回目,17.114100,9.731540,12.751700,12.416100
197回目,17.114100,8.724830,9.731540,8.053690
198回目,16.443000,11.409400,9.395970,8.053690
199回目,19.798700,11.409400,13.804700,11.073800
200回目,15.100700,9.395970,12.416100,10.774400
201回目,14.094000,11.073800,12.121200,11.409400
202回目,18.456400,10.067100,9.060400,11.745000
203回目,17.114100,12.121200,7.718120,10.402700
204回目,16.107400,10.067100,13.422800,11.745000
205回目,15.100700,11.073800,10.738300,11.745000
206回目,16.443000,9.060400,12.416100,10.402700
207回目,16.443000,6.711410,11.784500,11.073800
208回目,14.094000,10.067100,9.395970,12.416100
209回目,16.778500,8.724830,11.409400,12.416100
210回目,14.094000,8.053690,10.437700,8.053690
211回目,16.443000,10.067100,9.731540,12.416100
212回目,15.100700,12.121200,10.738300,12.416100
213回目,18.456400,6.711410,13.758400,10.774400
214回目,16.443000,11.409400,11.745000,12.416100
215回目,16.443000,9.060400,10.402700,9.060400
216回目,16.778500,6.711410,9.731540,8.053690
217回目,17.114100,8.053690,11.409400,12.416100
218回目,14.141400,9.731540,12.121200,9.060400
219回目,14.094000,9.731540,10.067100,10.774400
220回目,15.100700,9.060400,9.060400,9.060400
221回目,17.114100,11.409400,10.738300,12.416100
222回目,14.141400,8.724830,11.784500,9.060400
223回目,16.778500,8.053690,10.402700,9.060400
224回目,19.798700,8.417510,11.784500,10.402700
225回目,14.094000,12.416100,13.758400,11.409400
226回目,16.778500,7.046980,9.060400,12.416100
227回目,16.107400,9.731540,9.395970,9.060400
228回目,14.141400,9.060400,13.087200,10.402700
229回目,16.778500,8.724830,10.738300,11.073800
230回目,17.114100,9.060400,12.416100,9.060400
231回目,19.798700,7.046980,10.067100,9.060400
232回目,16.443000,8.724830,10.402700,10.774400
233回目,16.443000,6.711410,9.731540,10.402700
234回目,18.456400,10.402700,13.422800,12.416100
235回目,14.094000,8.724830,10.738300,12.416100
236回目,18.456400,6.711410,10.738300,10.774400
237回目,16.107400,8.053690,11.073800,12.416100
238回目,16.443000,11.073800,12.080500,10.774400
239回目,17.114100,11.073800,11.409400,12.416100
240回目,14.141400,10.067100,10.738300,8.053690
241回目,15.100700,9.731540,11.111100,11.745000
242回目,14.094000,8.417510,9.731540,10.402700
243回目,14.094000,10.067100,11.073800,12.416100
244回目,16.443000,7.046980,10.067100,9.060400
245回目,17.114100,7.046980,10.738300,11.745000
246回目,16.107400,11.409400,10.738300,12.416100
247回目,18.456400,11.073800,12.416100,11.073800
248回目,17.114100,8.417510,10.402700,8.053690
249回目,17.114100,10.067100,11.745000,12.416100
250回目,19.798700,11.073800,9.427610,12.416100
