PDR,GPSR,NGPSR,NPGPSR,NDGPSR
1回目,69.387800,86.734700,82.653100,80.612200
2回目,69.387800,87.755100,77.551000,82.653100
3回目,74.489800,86.597900,82.653100,84.693900
4回目,69.387800,84.693900,81.443300,86.734700
5回目,70.408200,83.673500,81.443300,84.693900
6回目,68.367300,85.714300,77.551000,80.412400
7回目,71.428600,84.693900,79.591800,82.653100
8回目,65.306100,90.816300,84.693900,84.693900
9回目,74.226800,85.714300,82.653100,80.612200
10回目,69.387800,85.714300,81.632700,79.591800
11回目,74.489800,80.612200,85.714300,90.816300
12回目,74.226800,85.714300,83.673500,80.612200
13回目,76.530600,86.597900,83.673500,86.734700
14回目,65.306100,85.714300,80.612200,79.591800
15回目,68.367300,80.612200,79.591800,84.693900
16回目,71.428600,83.673500,81.632700,82.653100
17回目,69.387800,83.673500,84.693900,90.816300
18回目,69.387800,86.734700,82.653100,80.612200
19回目,64.285700,84.693900,81.632700,82.653100
20回目,69.387800,84.693900,85.714300,80.612200
21回目,65.306100,86.734700,77.551000,82.653100
22回目,74.489800,84.693900,80.612200,80.612200
23回目,71.428600,80.612200,84.693900,86.734700
24回目,73.469400,86.597900,86.734700,79.591800
25回目,68.367300,84.693900,82.653100,86.734700
26回目,76.530600,84.693900,85.714300,79.591800
27回目,71.428600,79.591800,82.653100,78.571400
28回目,73.469400,84.693900,90.816300,79.591800
29回目,68.367300,86.734700,86.734700,78.571400
30回目,64.285700,85.714300,82.653100,82.653100
31回目,73.469400,84.693900,82.653100,78.571400
32回目,65.306100,90.816300,83.673500,84.693900
33回目,74.489800,83.673500,84.693900,78.571400
34回目,70.408200,86.597900,82.653100,86.734700
35回目,69.387800,81.632700,80.612200,84.693900
36回目,70.408200,86.734700,85.567000,90.816300
37回目,74.226800,81.632700,86.734700,80.412400
38回目,71.428600,86.597900,85.714300,80.412400
39回目,68.367300,83.673500,84.693900,78.571400
40回目,70.408200,78.571400,79.591800,83.673500
41回目,64.285700,85.714300,85.714300,80.412400
42回目,69.387800,83.673500,84.693900,78.571400
43回目,69.387800,90.816300,79.591800,80.412400
44回目,69.387800,78.571400,77.551000,83.673500
45回目,70.408200,86.734700,80.612200,84.693900
46回目,71.428600,87.755100,85.714300,83.673500
47回目,74.226800,86.734700,85.714300,90.816300
48回目,74.226800,84.693900,81.632700,79.591800
49回目,74.489800,81.632700,84.693900,82.653100
50回目,68.367300,83.673500,77.551000,78.571400
51回目,65.306100,78.571400,78.571400,83.673500
52回目,76.530600,90.816300,85.714300,84.693900
53回目,71.428600,86.734700,80.612200,80.412400
54回目,69.387800,86.597900,82.653100,83.673500
55回目,74.489800,81.632700,85.714300,82.653100
56回目,68.367300,83.673500,84.693900,83.673500
57回目,71.428600,86.597900,82.653100,86.734700
58回目,69.387800,84.693900,80.612200,80.412400
59回目,71.428600,90.816300,91.836700,83.673500
60回目,74.489800,85.714300,81.632700,80.412400
61回目,73.469400,85.714300,82.653100,78.571400
62回目,73.469400,90.816300,77.551000,79.591800
63回目,69.387800,81.632700,79.591800,90.816300
64回目,68.367300,86.734700,81.443300,80.412400
65回目,71.428600,80.612200,83.673500,82.653100
66回目,74.489800,84.693900,75.510200,80.612200
67回目,68.367300,84.693900,82.653100,82.653100
68回目,71.428600,83.673500,90.816300,79.591800
69回目,73.469400,78.571400,83.673500,82.653100
70回目,69.387800,79.591800,79.591800,90.816300
71回目,69.387800,83.673500,82.653100,90.816300
72回目,74.226800,90.816300,82.653100,84.693900
73回目,68.367300,84.693900,75.510200,86.734700
74回目,69.387800,80.612200,85.714300,79.591800
75回目,74.226800,86.734700,81.632700,86.734700
76回目,74.489800,86.597900,85.714300,79.591800
77回目,65.306100,84.693900,84.693900,86.734700
78回目,70.408200,86.597900,82.653100,90.816300
79回目,70.408200,83.673500,77.551000,78.571400
80回目,76.530600,85.714300,81.434000,86.734700
81回目,74.489800,84.693900,82.653100,79.591800
82回目,74.226800,86.734700,90.816300,80.612200
83回目,70.408200,81.632700,82.653100,82.653100
84回目,65.306100,85.714300,81.443300,86.734700
85回目,65.306100,85.714300,82.653100,83.673500
86回目,74.226800,84.693900,85.714300,78.571400
87回目,69.387800,85.714300,82.653100,80.412400
88回目,68.367300,80.612200,79.591800,84.693900
89回目,68.367300,84.693900,81.632700,83.673500
90回目,74.226800,86.597900,84.693900,86.734700
91回目,74.226800,83.673500,82.653100,90.816300
92回目,71.428600,84.693900,82.653100,84.693900
93回目,70.408200,86.734700,84.693900,86.734700
94回目,69.387800,85.714300,77.551000,80.612200
95回目,64.285700,86.597900,88.775500,79.591800
96回目,69.387800,85.714300,81.632700,78.571400
97回目,73.469400,84.693900,76.530600,80.612200
98回目,69.387800,83.673500,85.714300,79.591800
99回目,74.489800,83.673500,82.653100,90.816300
100回目,71.428600,86.734700,77.551000,82.653100
101回目,74.226800,85.714300,81.632700,86.734700
102回目,73.469400,81.632700,84.693900,80.612200
103回目,64.285700,86.597900,85.714300,82.653100
104回目,64.285700,86.734700,85.714300,79.591800
105回目,69.387800,84.693900,80.412400,78.571400
106回目,74.489800,86.734700,79.591800,86.734700
107回目,65.306100,90.816300,77.551000,82.653100
108回目,69.387800,84.693900,84.693900,78.571400
109回目,74.489800,87.755100,84.693900,78.571400
110回目,74.226800,85.714300,80.612200,78.571400
111回目,69.387800,85.714300,78.571400,82.653100
112回目,69.387800,87.755100,85.714300,80.612200
113回目,69.387800,80.612200,81.443300,90.816300
114回目,69.387800,84.693900,85.714300,80.612200
115回目,74.489800,80.612200,77.551000,84.693900
116回目,74.489800,86.734700,75.510200,84.693900
117回目,65.306100,83.673500,79.591800,80.412400
118回目,74.489800,90.816300,78.571400,78.571400
119回目,69.387800,86.734700,79.591800,86.734700
120回目,71.428600,79.591800,81.632700,80.612200
121回目,65.306100,80.612200,81.443300,80.612200
122回目,76.530600,78.571400,79.381400,82.653100
123回目,69.387800,90.816300,81.632700,83.673500
124回目,74.226800,83.673500,82.653100,82.653100
125回目,65.306100,80.412400,76.530600,80.612200
126回目,70.408200,86.597900,77.551000,80.412400
127回目,64.285700,86.734700,79.591800,80.612200
128回目,70.408200,81.632700,87.755100,84.693900
129回目,69.387800,86.734700,82.653100,83.673500
130回目,68.367300,86.597900,82.653100,80.612200
131回目,70.408200,86.734700,80.612200,80.612200
132回目,64.285700,80.612200,85.714300,83.673500
133回目,65.306100,80.612200,81.443300,90.816300
134回目,69.387800,85.714300,81.632700,80.612200
135回目,71.428600,86.734700,90.816300,84.693900
136回目,64.285700,84.693900,82.653100,86.734700
137回目,65.306100,86.734700,86.734700,78.571400
138回目,68.367300,84.693900,82.653100,84.693900
139回目,68.367300,84.693900,77.551000,80.412400
140回目,69.387800,84.693900,81.632700,86.734700
141回目,76.530600,86.734700,79.591800,83.673500
142回目,69.387800,86.734700,79.591800,80.612200
143回目,71.428600,84.693900,85.714300,83.673500
144回目,70.408200,83.673500,85.714300,80.612200
145回目,71.428600,86.734700,83.673500,84.693900
146回目,65.306100,90.816300,82.653100,79.591800
147回目,68.367300,86.597900,81.632700,78.571400
148回目,71.428600,81.632700,82.653100,84.693900
149回目,68.367300,84.693900,83.673500,79.591800
150回目,68.367300,81.632700,84.693900,79.591800
151回目,71.428600,86.734700,78.571400,83.673500
152回目,73.469400,83.673500,81.443300,86.734700
153回目,69.387800,86.734700,78.571400,84.693900
154回目,65.306100,81.632700,79.591800,80.412400
155回目,73.469400,86.734700,84.693900,78.571400
156回目,76.530600,79.591800,82.653100,82.653100
157回目,69.387800,81.632700,80.612200,79.591800
158回目,64.285700,83.673500,80.612200,86.734700
159回目,74.226800,84.693900,83.673500,80.412400
160回目,70.408200,86.734700,78.571400,78.571400
161回目,69.387800,84.693900,82.653100,79.591800
162回目,74.226800,83.673500,90.816300,79.591800
163回目,65.306100,87.755100,75.510200,78.571400
164回目,70.408200,83.673500,90.816300,78.571400
165回目,64.285700,90.816300,82.653100,82.653100
166回目,74.226800,83.673500,86.734700,90.816300
167回目,76.530600,80.612200,77.319600,80.612200
168回目,69.387800,83.673500,85.714300,84.693900
169回目,69.387800,80.412400,90.816300,84.693900
170回目,64.285700,85.714300,86.734700,90.816300
171回目,64.285700,83.673500,86.734700,78.571400
172回目,76.530600,85.714300,79.591800,80.412400
173回目,68.367300,84.693900,82.653100,83.673500
174回目,69.387800,83.673500,85.714300,78.571400
175回目,71.428600,86.597900,79.591800,78.571400
176回目,71.428600,86.734700,79.591800,80.412400
177回目,64.285700,86.734700,90.816300,80.412400
178回目,70.408200,83.673500,77.551000,86.734700
179回目,71.428600,86.734700,85.714300,80.612200
180回目,70.408200,86.734700,84.693900,78.571400
181回目,68.367300,84.693900,79.591800,84.693900
182回目,70.408200,83.673500,77.319600,90.816300
183回目,69.387800,87.755100,81.632700,82.653100
184回目,69.387800,86.734700,82.653100,79.591800
185回目,69.387800,85.714300,78.571400,80.612200
186回目,64.285700,83.673500,87.755100,84.693900
187回目,69.387800,83.673500,83.673500,78.571400
188回目,71.428600,83.673500,82.653100,82.653100
189回目,74.226800,85.714300,80.612200,80.612200
190回目,73.469400,80.612200,85.714300,84.693900
191回目,70.408200,84.693900,82.653100,80.412400
192回目,65.306100,84.693900,85.714300,86.734700
193回目,69.387800,85.714300,80.612200,78.571400
194回目,64.285700,81.632700,82.653100,86.734700
195回目,74.226800,84.693900,81.443300,83.673500
196回目,64.285700,86.597900,77.551000,86.734700
197回目,73.469400,83.673500,82.653100,80.412400
198回目,74.489800,83.673500,79.591800,79.591800
199回目,74.489800,90.816300,85.714300,86.734700
200回目,71.428600,86.734700,82.653100,78.571400
201回目,73.469400,84.693900,83.673500,78.571400
202回目,74.226800,80.612200,80.612200,78.571400
203回目,74.489800,85.714300,85.714300,83.673500
204回目,64.285700,81.632700,81.632700,82.653100
205回目,73.469400,90.816300,85.714300,86.734700
206回目,68.367300,83.673500,79.591800,82.653100
207回目,71.428600,85.714300,79.591800,80.612200
208回目,65.306100,90.816300,81.632700,79.591800
209回目,69.387800,85.714300,84.693900,80.612200
210回目,74.226800,84.693900,90.816300,86.734700
211回目,70.408200,86.734700,88.775500,79.591800
212回目,68.367300,83.673500,85.714300,79.591800
213回目,69.387800,84.693900,77.551000,86.734700
214回目,74.489800,90.816300,81.632700,86.734700
215回目,65.306100,83.673500,82.653100,82.653100
216回目,68.367300,90.816300,82.653100,86.734700
217回目,69.387800,81.632700,90.816300,79.591800
218回目,73.469400,80.612200,82.653100,80.412400
219回目,68.367300,86.734700,82.653100,83.673500
220回目,69.387800,86.734700,78.571400,83.673500
221回目,74.226800,86.734700,81.443300,86.734700
222回目,70.408200,86.734700,83.673500,80.412400
223回目,69.387800,84.693900,81.632700,84.693900
224回目,69.387800,90.816300,85.714300,79.591800
225回目,68.367300,84.693900,79.591800,86.734700
226回目,73.469400,84.693900,81.443300,83.673500
227回目,65.306100,85.714300,79.591800,86.734700
228回目,76.530600,83.673500,82.653100,86.734700
229回目,69.387800,80.412400,82.653100,90.816300
230回目,74.226800,83.673500,77.551000,86.734700
231回目,64.285700,80.612200,79.591800,86.734700
232回目,65.306100,90.816300,79.591800,83.673500
233回目,69.387800,84.693900,80.612200,78.571400
234回目,65.306100,83.673500,82.653100,84.693900
235回目,73.469400,86.734700,82.653100,79.591800
236回目,74.226800,86.734700,90.816300,84.693900
237回目,76.530600,84.693900,84.693900,78.571400
238回目,74.489800,78.571400,84.693900,86.734700
239回目,69.387800,79.591800,81.443300,78.571400
240回目,71.428600,90.816300,84.693900,79.591800
241回目,68.367300,84.693900,79.591800,86.734700
242回目,68.367300,83.673500,81.632700,79.591800
243回目,70.408200,84.693900,81.443300,80.612200
244回目,74.226800,83.673500,83.673500,90.816300
245回目,69.387800,84.693900,74.489800,79.591800
246回目,74.226800,86.734700,84.536100,90.816300
247回目,74.226800,86.734700,80.612200,83.673500
248回目,71.428600,85.714300,85.714300,78.571400
249回目,76.530600,86.597900,88.775500,83.673500
250回目,64.285700,83.673500,83.673500,82.653100
