Throughput,GPSR,NGPSR,NPGPSR,NDGPSR
1回目,7.490240,7.472930,7.709600,7.535040
2回目,6.772800,7.535050,7.502120,7.318030
3回目,6.937170,7.472930,7.622330,7.535040
4回目,6.772800,7.564140,7.476860,7.322260
5回目,6.772800,7.418630,7.331390,7.533630
6回目,6.772800,7.406210,7.604890,7.533630
7回目,6.707020,7.505950,7.476860,7.535040
8回目,6.905930,7.535050,7.381100,7.533630
9回目,6.905930,7.406210,7.260480,7.215020
10回目,6.648540,7.541950,7.522730,7.533630
11回目,6.772800,7.806310,7.234650,7.318030
12回目,7.490240,7.806310,7.508010,7.322260
13回目,6.864870,7.406210,7.384850,7.360490
14回目,6.782700,7.806310,7.770510,7.318030
15回目,6.772800,7.406210,7.284030,7.318030
16回目,6.864870,7.505950,7.564240,7.181020
17回目,6.813040,7.531310,7.338390,7.360490
18回目,6.648540,7.541950,7.360470,7.533630
19回目,6.744480,7.541950,7.302300,7.322260
20回目,6.782700,7.389580,7.535050,7.360490
21回目,6.905930,7.622320,7.293230,7.920170
22回目,6.782700,7.806310,7.302300,7.098650
23回目,6.744480,7.472930,7.229870,7.360490
24回目,6.744480,7.331400,7.443740,7.322260
25回目,6.744480,7.472930,7.578930,7.535040
26回目,6.707020,7.389580,7.505960,7.360490
27回目,6.813040,7.541950,7.414550,7.322260
28回目,6.864870,7.564140,7.331400,7.215020
29回目,6.864870,7.535050,7.127740,7.098650
30回目,6.937170,7.535050,7.098650,7.920170
31回目,6.648540,7.796880,7.389580,7.535040
32回目,6.772800,7.535050,7.040470,7.181020
33回目,6.905930,7.578930,7.389580,7.215020
34回目,7.490240,7.472930,7.273210,7.311250
35回目,6.864870,7.541950,7.372500,7.322260
36回目,6.648540,7.541950,7.490460,7.181020
37回目,6.648540,7.806310,7.331390,7.318030
38回目,6.813040,7.406210,7.234650,7.318030
39回目,6.772800,7.796880,7.302300,7.215020
40回目,6.905930,7.326970,7.360470,7.215020
41回目,6.905930,7.806310,7.564140,7.535040
42回目,6.744480,7.806310,7.326980,7.920170
43回目,6.648540,7.578930,7.535040,7.311250
44回目,6.648540,7.535050,7.476860,7.360490
45回目,6.772800,7.326970,7.254540,7.360490
46回目,6.864870,7.535050,7.545700,7.215020
47回目,6.813040,7.535050,7.560140,7.181020
48回目,7.490240,7.564140,7.011370,7.535040
49回目,7.490240,7.535050,7.360490,7.322260
50回目,6.937170,7.622320,7.500500,7.360490
51回目,6.813040,7.806310,7.334100,7.311250
52回目,6.744480,7.326970,7.244110,7.311250
53回目,6.905930,7.535050,7.381100,7.215020
54回目,6.707020,7.806310,7.356160,7.311250
55回目,6.782700,7.326970,7.185680,7.360490
56回目,6.937170,7.331400,7.535040,7.215020
57回目,6.744480,7.535050,7.156840,7.920170
58回目,7.490240,7.326970,7.360490,7.533630
59回目,6.937170,7.472930,7.439680,7.322260
60回目,6.864870,7.541950,7.589690,7.318030
61回目,6.772800,7.326970,7.356170,7.535040
62回目,7.490240,7.541950,7.127740,7.215020
63回目,6.905930,7.535050,7.343010,7.318030
64回目,6.905930,7.578930,7.508010,7.920170
65回目,6.744480,7.472930,7.498260,7.360490
66回目,6.864870,7.541950,7.593230,7.181020
67回目,6.782700,7.535050,7.650510,7.533630
68回目,6.707020,7.326970,7.464580,7.181020
69回目,6.905930,7.406210,7.244120,7.322260
70回目,6.864870,7.406210,7.210190,7.535040
71回目,7.490240,7.410380,7.302310,7.311250
72回目,6.937170,7.535050,7.356160,7.098650
73回目,6.782700,7.541950,7.512030,7.360490
74回目,6.648540,7.244110,7.215020,7.360490
75回目,6.744480,7.541950,7.215020,7.098650
76回目,6.744480,7.472930,7.326970,7.215020
77回目,6.937170,7.541950,7.360490,7.311250
78回目,6.782700,7.535050,7.284010,7.318030
79回目,6.905930,7.472930,7.093440,7.181020
80回目,6.937170,7.418630,7.331400,7.360490
81回目,6.782700,7.622320,7.505950,7.318030
82回目,6.905930,7.472930,7.468970,7.360490
83回目,6.744480,7.535050,7.767790,7.322260
84回目,6.707020,7.531310,7.166070,7.533630
85回目,6.707020,7.796880,7.376810,7.360490
86回目,6.648540,7.796880,7.531310,7.920170
87回目,6.772800,7.326970,7.146780,7.535040
88回目,6.813040,7.331400,7.297780,7.533630
89回目,6.772800,7.535050,7.881320,7.535040
90回目,6.813040,7.541950,7.439680,7.360490
91回目,7.490240,7.578930,7.331010,7.535040
92回目,6.905930,7.406210,7.608150,7.098650
93回目,6.648540,7.418630,7.414530,7.322260
94回目,6.937170,7.535050,7.389590,7.318030
95回目,6.905930,7.535050,7.443730,7.360490
96回目,6.813040,7.531310,7.447770,7.311250
97回目,6.782700,7.244110,7.069560,7.215020
98回目,6.905930,7.535050,7.863220,7.098650
99回目,6.782700,7.541950,7.414550,7.322260
100回目,6.707020,7.472930,7.498260,7.098650
101回目,6.648540,7.406210,7.468970,7.533630
102回目,6.905930,7.410380,7.553160,7.322260
103回目,6.707020,7.622320,7.593090,7.535040
104回目,6.648540,7.406210,7.260480,7.360490
105回目,6.813040,7.806310,7.161020,7.533630
106回目,6.772800,7.806310,7.410390,7.322260
107回目,6.772800,7.531310,7.302300,7.920170
108回目,6.905930,7.535050,7.389580,7.920170
109回目,6.782700,7.541950,7.410390,7.318030
110回目,6.782700,7.406210,7.360490,7.181020
111回目,6.813040,7.564140,7.971440,7.215020
112回目,7.490240,7.326970,7.825980,7.215020
113回目,7.490240,7.326970,7.817660,7.181020
114回目,6.864870,7.326970,7.447770,7.533630
115回目,6.707020,7.796880,7.648070,7.360490
116回目,6.744480,7.472930,7.622330,7.098650
117回目,6.813040,7.505950,7.372510,7.533630
118回目,6.782700,7.406210,7.601330,7.215020
119回目,6.707020,7.326970,7.644700,7.322260
120回目,6.707020,7.531310,7.593230,7.215020
121回目,7.490240,7.578930,7.535050,7.215020
122回目,6.905930,7.410380,7.273190,7.318030
123回目,6.772800,7.683830,7.622320,7.533630
124回目,6.772800,7.683830,7.244120,7.098650
125回目,6.937170,7.406210,7.273210,7.215020
126回目,6.744480,7.622320,7.389580,7.360490
127回目,6.905930,7.535050,7.553150,7.533630
128回目,6.648540,7.406210,7.505930,7.181020
129回目,6.905930,7.326970,7.709600,7.360490
130回目,6.813040,7.326970,7.535050,7.360490
131回目,6.905930,7.326970,7.326970,7.181020
132回目,6.937170,7.796880,7.564140,7.311250
133回目,6.707020,7.505950,7.360490,7.360490
134回目,7.490240,7.806310,7.615410,7.360490
135回目,6.905930,7.331400,7.452850,7.215020
136回目,6.813040,7.535050,7.299790,7.322260
137回目,7.490240,7.564140,7.156840,7.360490
138回目,6.813040,7.472930,7.040470,7.535040
139回目,6.782700,7.244110,7.351810,7.535040
140回目,6.813040,7.535050,7.093440,7.098650
141回目,7.490240,7.806310,7.190190,7.318030
142回目,6.648540,7.564140,7.385360,7.311250
143回目,6.905930,7.622320,7.535050,7.311250
144回目,6.648540,7.564140,7.579090,7.318030
145回目,6.648540,7.622320,7.334090,7.318030
146回目,7.490240,7.796880,7.615420,7.920170
147回目,6.772800,7.564140,7.677260,7.920170
148回目,6.648540,7.389580,7.389580,7.215020
149回目,6.813040,7.535050,7.214980,7.535040
150回目,6.905930,7.472930,7.486300,7.181020
151回目,6.707020,7.531310,7.263940,7.360490
152回目,6.937170,7.578930,7.439680,7.535040
153回目,6.772800,7.531310,7.058910,7.533630
154回目,6.864870,7.326970,7.447760,7.535040
155回目,6.905930,7.564140,7.215030,7.215020
156回目,6.864870,7.535050,7.210210,7.533630
157回目,6.813040,7.472930,7.410390,7.533630
158回目,6.905930,7.683830,7.293230,7.533630
159回目,6.905930,7.806310,7.331400,7.920170
160回目,6.782700,7.472930,7.505950,7.311250
161回目,6.937170,7.472930,7.098660,7.215020
162回目,6.905930,7.389580,7.505950,7.181020
163回目,6.813040,7.406210,7.389590,7.181020
164回目,6.905930,7.472930,7.531310,7.322260
165回目,6.648540,7.244110,7.706460,7.533630
166回目,6.772800,7.410380,7.549440,7.920170
167回目,6.782700,7.541950,7.418680,7.311250
168回目,6.905930,7.406210,7.329590,7.360490
169回目,6.744480,7.406210,7.297780,7.920170
170回目,6.744480,7.505950,7.185940,7.533630
171回目,6.813040,7.326970,7.331390,7.322260
172回目,6.905930,7.410380,7.722780,7.311250
173回目,6.744480,7.535050,7.586120,7.098650
174回目,6.905930,7.796880,7.418680,7.533630
175回目,6.864870,7.796880,7.476860,7.215020
176回目,6.813040,7.683830,7.770510,7.098650
177回目,7.490240,7.326970,7.156840,7.360490
178回目,6.782700,7.806310,7.205360,7.322260
179回目,6.782700,7.505950,7.210210,7.322260
180回目,6.744480,7.535050,7.360490,7.215020
181回目,6.744480,7.683830,7.273210,7.215020
182回目,6.864870,7.578930,7.414550,7.360490
183回目,6.905930,7.331400,7.069560,7.318030
184回目,6.937170,7.326970,7.625360,7.920170
185回目,6.744480,7.806310,7.069560,7.215020
186回目,6.905930,7.806310,7.435590,7.215020
187回目,6.813040,7.622320,7.502120,7.322260
188回目,6.937170,7.505950,7.589690,7.533630
189回目,6.744480,7.578930,7.700720,7.322260
190回目,6.905930,7.326970,7.273210,7.533630
191回目,7.490240,7.472930,7.545700,7.920170
192回目,6.782700,7.472930,7.622330,7.311250
193回目,6.772800,7.410380,7.670710,7.360490
194回目,6.905930,7.564140,7.127740,7.318030
195回目,6.864870,7.622320,7.476860,7.098650
196回目,6.772800,7.406210,7.560500,7.533630
197回目,6.744480,7.472930,7.852410,7.533630
198回目,6.864870,7.406210,7.830520,7.920170
199回目,6.813040,7.535050,7.494370,7.920170
200回目,7.490240,7.535050,7.351810,7.311250
201回目,6.648540,7.418630,7.331380,7.360490
202回目,6.772800,7.535050,7.443740,7.322260
203回目,6.782700,7.326970,7.410390,7.360490
204回目,6.772800,7.578930,7.709600,7.215020
205回目,7.490240,7.806310,7.331380,7.215020
206回目,6.744480,7.578930,7.523310,7.181020
207回目,6.648540,7.578930,7.356160,7.920170
208回目,6.813040,7.505950,7.389590,7.098650
209回目,7.490240,7.622320,7.331400,7.360490
210回目,6.744480,7.796880,7.215020,7.322260
211回目,6.937170,7.535050,7.527550,7.181020
212回目,6.707020,7.535050,7.490460,7.318030
213回目,6.782700,7.564140,7.215030,7.181020
214回目,6.905930,7.410380,7.447770,7.322260
215回目,6.707020,7.622320,7.414550,7.318030
216回目,6.905930,7.796880,7.723250,7.535040
217回目,6.772800,7.389580,7.622320,7.533630
218回目,6.813040,7.472930,7.249800,7.318030
219回目,7.490240,7.796880,7.318040,7.360490
220回目,6.813040,7.564140,7.360490,7.215020
221回目,6.937170,7.622320,7.564140,7.098650
222回目,6.813040,7.535050,7.360490,7.533630
223回目,6.772800,7.806310,7.166070,7.181020
224回目,6.937170,7.564140,7.535050,7.535040
225回目,6.905930,7.472930,7.156840,7.318030
226回目,6.648540,7.541950,7.351810,7.535040
227回目,6.864870,7.389580,7.273210,7.535040
228回目,6.744480,7.564140,7.560500,7.322260
229回目,6.813040,7.622320,7.519950,7.098650
230回目,6.707020,7.418630,7.141700,7.533630
231回目,6.864870,7.389580,7.440500,7.360490
232回目,7.490240,7.535050,7.322520,7.360490
233回目,6.744480,7.331400,7.700100,7.920170
234回目,6.905930,7.535050,7.494370,7.098650
235回目,6.782700,7.622320,7.608420,7.533630
236回目,6.707020,7.472930,7.664070,7.311250
237回目,6.905930,7.505950,7.680510,7.181020
238回目,6.905930,7.406210,7.535050,7.311250
239回目,6.782700,7.796880,7.500500,7.533630
240回目,6.864870,7.535050,7.578930,7.920170
241回目,6.864870,7.326970,7.418670,7.535040
242回目,6.813040,7.564140,7.064250,7.535040
243回目,7.490240,7.541950,7.385360,7.318030
244回目,6.813040,7.535050,7.351810,7.098650
245回目,6.905930,7.564140,7.389580,7.920170
246回目,7.490240,7.622320,7.560500,7.533630
247回目,6.905930,7.244110,7.302300,7.318030
248回目,6.813040,7.622320,7.215030,7.098650
249回目,6.905930,7.531310,7.549440,7.181020
250回目,6.905930,7.578930,7.297770,7.318030
