Memory,GPSR,NGPSR,NPGPSR,NDGPSR
1回目,73952.000000,74556.000000,146744.000000,0.000000
2回目,73840.000000,74424.000000,146668.000000,0.000000
3回目,73292.000000,74940.000000,147232.000000,0.000000
4回目,74368.000000,74948.000000,146848.000000,0.000000
5回目,73960.000000,74444.000000,147088.000000,0.000000
6回目,74332.000000,74228.000000,147356.000000,0.000000
7回目,73296.000000,74620.000000,146976.000000,0.000000
8回目,73600.000000,74916.000000,146992.000000,0.000000
9回目,73836.000000,74940.000000,147000.000000,0.000000
10回目,74044.000000,74484.000000,146788.000000,0.000000
11回目,73668.000000,74548.000000,146992.000000,0.000000
12回目,73880.000000,75124.000000,146604.000000,0.000000
13回目,73436.000000,74808.000000,147056.000000,0.000000
14回目,73652.000000,74916.000000,146940.000000,0.000000
15回目,73804.000000,74920.000000,147300.000000,0.000000
16回目,73588.000000,74256.000000,146948.000000,0.000000
17回目,73612.000000,74316.000000,146720.000000,0.000000
18回目,73628.000000,74944.000000,146832.000000,0.000000
19回目,73672.000000,74864.000000,147432.000000,0.000000
20回目,73884.000000,74808.000000,146860.000000,0.000000
21回目,73884.000000,74292.000000,147360.000000,0.000000
22回目,73408.000000,74316.000000,147268.000000,0.000000
23回目,73628.000000,74280.000000,146796.000000,0.000000
24回目,73676.000000,74528.000000,146912.000000,0.000000
25回目,73292.000000,74224.000000,147296.000000,0.000000
26回目,73700.000000,74688.000000,147324.000000,0.000000
27回目,73960.000000,74468.000000,147164.000000,0.000000
28回目,73668.000000,74788.000000,146988.000000,0.000000
29回目,73964.000000,74516.000000,147156.000000,0.000000
30回目,73964.000000,74536.000000,147012.000000,0.000000
31回目,74100.000000,74228.000000,146540.000000,0.000000
32回目,73756.000000,74692.000000,146660.000000,0.000000
33回目,73868.000000,74252.000000,146764.000000,0.000000
34回目,73612.000000,74356.000000,147192.000000,0.000000
35回目,74064.000000,74292.000000,147456.000000,0.000000
36回目,73712.000000,74844.000000,146924.000000,0.000000
37回目,73960.000000,74444.000000,147280.000000,0.000000
38回目,73700.000000,74688.000000,147300.000000,0.000000
39回目,74032.000000,74684.000000,147220.000000,0.000000
40回目,73840.000000,74228.000000,147048.000000,0.000000
41回目,73504.000000,75108.000000,146836.000000,0.000000
42回目,73412.000000,74680.000000,146976.000000,0.000000
43回目,73692.000000,74660.000000,146836.000000,0.000000
44回目,73912.000000,74424.000000,147224.000000,0.000000
45回目,73964.000000,74700.000000,146896.000000,0.000000
46回目,73644.000000,74724.000000,147220.000000,0.000000
47回目,74044.000000,74436.000000,146696.000000,0.000000
48回目,73876.000000,74948.000000,147284.000000,0.000000
49回目,73656.000000,74940.000000,146676.000000,0.000000
50回目,74032.000000,74372.000000,146676.000000,0.000000
51回目,73676.000000,74304.000000,146788.000000,0.000000
52回目,73856.000000,74680.000000,146916.000000,0.000000
53回目,73728.000000,74304.000000,146996.000000,0.000000
54回目,73864.000000,74292.000000,147068.000000,0.000000
55回目,73700.000000,74532.000000,146980.000000,0.000000
56回目,73568.000000,74508.000000,146780.000000,0.000000
57回目,73784.000000,75104.000000,146720.000000,0.000000
58回目,74048.000000,74748.000000,146592.000000,0.000000
59回目,73924.000000,74592.000000,147316.000000,0.000000
60回目,73836.000000,74700.000000,147200.000000,0.000000
61回目,73620.000000,74748.000000,146796.000000,0.000000
62回目,73784.000000,74692.000000,146816.000000,0.000000
63回目,73692.000000,74336.000000,146972.000000,0.000000
64回目,73600.000000,74700.000000,146972.000000,0.000000
65回目,73996.000000,74900.000000,146932.000000,0.000000
66回目,73944.000000,74512.000000,146968.000000,0.000000
67回目,73976.000000,74352.000000,146580.000000,0.000000
68回目,73616.000000,74628.000000,147424.000000,0.000000
69回目,73880.000000,74288.000000,147372.000000,0.000000
70回目,73660.000000,75100.000000,147024.000000,0.000000
71回目,73868.000000,74512.000000,147012.000000,0.000000
72回目,73956.000000,75104.000000,147096.000000,0.000000
73回目,73616.000000,74796.000000,146580.000000,0.000000
74回目,73612.000000,74312.000000,146892.000000,0.000000
75回目,73716.000000,74420.000000,146556.000000,0.000000
76回目,73864.000000,74476.000000,146824.000000,0.000000
77回目,73840.000000,74840.000000,147192.000000,0.000000
78回目,73584.000000,74940.000000,146944.000000,0.000000
79回目,73968.000000,74576.000000,147008.000000,0.000000
80回目,73592.000000,74684.000000,146732.000000,0.000000
81回目,73492.000000,74432.000000,147340.000000,0.000000
82回目,73280.000000,74636.000000,147064.000000,0.000000
83回目,73824.000000,74304.000000,146544.000000,0.000000
84回目,73832.000000,74492.000000,146652.000000,0.000000
85回目,73824.000000,74660.000000,146776.000000,0.000000
86回目,73676.000000,74444.000000,146980.000000,0.000000
87回目,74200.000000,74808.000000,146948.000000,0.000000
88回目,73276.000000,74532.000000,146864.000000,0.000000
89回目,73292.000000,74752.000000,147032.000000,0.000000
90回目,73940.000000,74852.000000,146808.000000,0.000000
91回目,73732.000000,74440.000000,146716.000000,0.000000
92回目,73680.000000,74496.000000,147388.000000,0.000000
93回目,73764.000000,74960.000000,147252.000000,0.000000
94回目,73608.000000,74704.000000,146708.000000,0.000000
95回目,73576.000000,74440.000000,146316.000000,0.000000
96回目,73912.000000,74744.000000,147080.000000,0.000000
97回目,73616.000000,74676.000000,147080.000000,0.000000
98回目,73560.000000,74256.000000,147044.000000,0.000000
99回目,73708.000000,74808.000000,146968.000000,0.000000
100回目,73984.000000,74492.000000,146960.000000,0.000000
101回目,73964.000000,74700.000000,147340.000000,0.000000
102回目,73268.000000,74960.000000,147316.000000,0.000000
103回目,73524.000000,74544.000000,146944.000000,0.000000
104回目,73996.000000,74704.000000,146912.000000,0.000000
105回目,73688.000000,74948.000000,146356.000000,0.000000
106回目,73788.000000,74436.000000,146900.000000,0.000000
107回目,73788.000000,74852.000000,146560.000000,0.000000
108回目,73976.000000,74512.000000,146920.000000,0.000000
109回目,73576.000000,74712.000000,147072.000000,0.000000
110回目,73644.000000,75104.000000,147028.000000,0.000000
111回目,73964.000000,74772.000000,146968.000000,0.000000
112回目,73944.000000,74256.000000,146988.000000,0.000000
113回目,73684.000000,74708.000000,147092.000000,0.000000
114回目,73880.000000,74640.000000,146908.000000,0.000000
115回目,73672.000000,74956.000000,146976.000000,0.000000
116回目,73588.000000,74752.000000,146720.000000,0.000000
117回目,73624.000000,74752.000000,146884.000000,0.000000
118回目,73644.000000,74428.000000,146556.000000,0.000000
119回目,73532.000000,74516.000000,147232.000000,0.000000
120回目,73612.000000,74680.000000,146844.000000,0.000000
121回目,73588.000000,74704.000000,146936.000000,0.000000
122回目,73952.000000,74660.000000,147236.000000,0.000000
123回目,73644.000000,74452.000000,147108.000000,0.000000
124回目,73660.000000,74588.000000,146920.000000,0.000000
125回目,74220.000000,75108.000000,146564.000000,0.000000
126回目,73940.000000,74664.000000,147000.000000,0.000000
127回目,74032.000000,74288.000000,146864.000000,0.000000
128回目,73296.000000,74356.000000,146804.000000,0.000000
129回目,74136.000000,74640.000000,146844.000000,0.000000
130回目,73608.000000,74816.000000,147212.000000,0.000000
131回目,74368.000000,74852.000000,147308.000000,0.000000
132回目,73404.000000,74636.000000,147140.000000,0.000000
133回目,74364.000000,74324.000000,147316.000000,0.000000
134回目,73936.000000,74832.000000,146824.000000,0.000000
135回目,73692.000000,74300.000000,147236.000000,0.000000
136回目,73736.000000,74680.000000,146628.000000,0.000000
137回目,73956.000000,74804.000000,146988.000000,0.000000
138回目,73656.000000,74492.000000,146740.000000,0.000000
139回目,73736.000000,74600.000000,146840.000000,0.000000
140回目,74136.000000,74640.000000,146948.000000,0.000000
141回目,73960.000000,74936.000000,146744.000000,0.000000
142回目,73944.000000,74952.000000,146864.000000,0.000000
143回目,73876.000000,74456.000000,146864.000000,0.000000
144回目,73688.000000,74516.000000,147364.000000,0.000000
145回目,73840.000000,74240.000000,146764.000000,0.000000
146回目,73856.000000,74312.000000,146824.000000,0.000000
147回目,73412.000000,75116.000000,146812.000000,0.000000
148回目,73660.000000,74472.000000,146876.000000,0.000000
149回目,74036.000000,74676.000000,146436.000000,0.000000
150回目,73924.000000,74740.000000,147104.000000,0.000000
151回目,73676.000000,74948.000000,146844.000000,0.000000
152回目,73684.000000,75136.000000,146612.000000,0.000000
153回目,73436.000000,74960.000000,147012.000000,0.000000
154回目,73840.000000,74768.000000,146908.000000,0.000000
155回目,74308.000000,74896.000000,146744.000000,0.000000
156回目,73696.000000,74356.000000,146784.000000,0.000000
157回目,73692.000000,74680.000000,147220.000000,0.000000
158回目,73408.000000,75076.000000,146676.000000,0.000000
159回目,73648.000000,74848.000000,146968.000000,0.000000
160回目,73912.000000,74516.000000,146916.000000,0.000000
161回目,74184.000000,74884.000000,146700.000000,0.000000
162回目,73924.000000,74916.000000,147276.000000,0.000000
163回目,73648.000000,74660.000000,147068.000000,0.000000
164回目,73612.000000,74288.000000,147032.000000,0.000000
165回目,73692.000000,75112.000000,146900.000000,0.000000
166回目,73648.000000,74676.000000,147260.000000,0.000000
167回目,73592.000000,74292.000000,146572.000000,0.000000
168回目,73264.000000,74680.000000,146764.000000,0.000000
169回目,73872.000000,74680.000000,146824.000000,0.000000
170回目,73836.000000,75120.000000,147304.000000,0.000000
171回目,73592.000000,74300.000000,146736.000000,0.000000
172回目,73940.000000,74472.000000,146996.000000,0.000000
173回目,73732.000000,75116.000000,146936.000000,0.000000
174回目,74084.000000,74904.000000,146824.000000,0.000000
175回目,73816.000000,74720.000000,146772.000000,0.000000
176回目,73944.000000,74756.000000,147032.000000,0.000000
177回目,73680.000000,74356.000000,146468.000000,0.000000
178回目,73412.000000,74432.000000,146648.000000,0.000000
179回目,73436.000000,74292.000000,147108.000000,0.000000
180回目,74360.000000,75132.000000,146880.000000,0.000000
181回目,73956.000000,74948.000000,146768.000000,0.000000
182回目,73616.000000,74920.000000,147104.000000,0.000000
183回目,74088.000000,74940.000000,146420.000000,0.000000
184回目,73664.000000,75128.000000,146724.000000,0.000000
185回目,73616.000000,74440.000000,146556.000000,0.000000
186回目,73940.000000,74740.000000,146904.000000,0.000000
187回目,73664.000000,74456.000000,146952.000000,0.000000
188回目,73792.000000,74540.000000,146428.000000,0.000000
189回目,74204.000000,74256.000000,146540.000000,0.000000
190回目,73612.000000,74740.000000,146908.000000,0.000000
191回目,74176.000000,74544.000000,147132.000000,0.000000
192回目,73580.000000,74292.000000,146744.000000,0.000000
193回目,73684.000000,74688.000000,146536.000000,0.000000
194回目,73936.000000,74696.000000,146580.000000,0.000000
195回目,73808.000000,74548.000000,146828.000000,0.000000
196回目,74052.000000,74956.000000,146872.000000,0.000000
197回目,73748.000000,74744.000000,146908.000000,0.000000
198回目,74012.000000,74952.000000,147124.000000,0.000000
199回目,74084.000000,74940.000000,147040.000000,0.000000
200回目,73688.000000,74968.000000,146868.000000,0.000000
201回目,73652.000000,74656.000000,146976.000000,0.000000
202回目,73656.000000,74648.000000,146316.000000,0.000000
203回目,73688.000000,74804.000000,146716.000000,0.000000
204回目,73616.000000,74500.000000,146896.000000,0.000000
205回目,73404.000000,74292.000000,146936.000000,0.000000
206回目,73688.000000,74544.000000,146936.000000,0.000000
207回目,73864.000000,74476.000000,146896.000000,0.000000
208回目,73964.000000,74244.000000,147116.000000,0.000000
209回目,73740.000000,74960.000000,147032.000000,0.000000
210回目,73944.000000,74252.000000,146928.000000,0.000000
211回目,73672.000000,74748.000000,147220.000000,0.000000
212回目,73736.000000,74812.000000,147024.000000,0.000000
213回目,73636.000000,74292.000000,146852.000000,0.000000
214回目,73944.000000,74548.000000,146788.000000,0.000000
215回目,73912.000000,74948.000000,146856.000000,0.000000
216回目,73668.000000,74548.000000,147212.000000,0.000000
217回目,73440.000000,74288.000000,147180.000000,0.000000
218回目,74040.000000,74804.000000,146756.000000,0.000000
219回目,73444.000000,74476.000000,147096.000000,0.000000
220回目,74024.000000,74980.000000,146860.000000,0.000000
221回目,73960.000000,74620.000000,146792.000000,0.000000
222回目,73688.000000,74316.000000,146940.000000,0.000000
223回目,73692.000000,74952.000000,146364.000000,0.000000
224回目,73616.000000,74528.000000,147252.000000,0.000000
225回目,73632.000000,74636.000000,147024.000000,0.000000
226回目,74076.000000,74664.000000,147176.000000,0.000000
227回目,73876.000000,74768.000000,147092.000000,0.000000
228回目,73896.000000,74700.000000,146972.000000,0.000000
229回目,73748.000000,75108.000000,146988.000000,0.000000
230回目,73632.000000,74788.000000,147228.000000,0.000000
231回目,73960.000000,75100.000000,146860.000000,0.000000
232回目,73688.000000,74940.000000,146824.000000,0.000000
233回目,73740.000000,74852.000000,146824.000000,0.000000
234回目,73424.000000,75128.000000,146940.000000,0.000000
235回目,73600.000000,74852.000000,146972.000000,0.000000
236回目,73956.000000,74840.000000,146900.000000,0.000000
237回目,73432.000000,74312.000000,147116.000000,0.000000
238回目,73688.000000,74748.000000,146932.000000,0.000000
239回目,74048.000000,74804.000000,147104.000000,0.000000
240回目,73960.000000,74684.000000,146512.000000,0.000000
241回目,73740.000000,74904.000000,146664.000000,0.000000
242回目,73880.000000,75080.000000,146808.000000,0.000000
243回目,73680.000000,74856.000000,147052.000000,0.000000
244回目,74216.000000,74292.000000,147076.000000,0.000000
245回目,73660.000000,74952.000000,147192.000000,0.000000
246回目,73896.000000,74516.000000,146636.000000,0.000000
247回目,73472.000000,74952.000000,146500.000000,0.000000
248回目,73664.000000,74600.000000,147072.000000,0.000000
249回目,73728.000000,75084.000000,146884.000000,0.000000
250回目,73656.000000,74280.000000,146860.000000,0.000000
