Overhead,GPSR,NGPSR,NPGPSR,NDGPSR
1回目,2064381.000000,5222318.000000,4680400.000000,0.000000
2回目,2075941.000000,5430835.000000,4659680.000000,0.000000
3回目,2067357.000000,5078474.000000,4922102.000000,0.000000
4回目,2095441.000000,5260030.000000,4551146.000000,0.000000
5回目,2117277.000000,5341072.000000,5032404.000000,0.000000
6回目,2117277.000000,5353803.000000,4861968.000000,0.000000
7回目,2100669.000000,5228956.000000,4801796.000000,0.000000
8回目,2100669.000000,5296226.000000,4904812.000000,0.000000
9回目,2094475.000000,5278808.000000,4842706.000000,0.000000
10回目,2102175.000000,5279804.000000,4924016.000000,0.000000
11回目,2094475.000000,5131916.000000,4761988.000000,0.000000
12回目,2067357.000000,5189146.000000,4828400.000000,0.000000
13回目,2087609.000000,5394659.000000,4941172.000000,0.000000
14回目,2085657.000000,5358246.000000,4894822.000000,0.000000
15回目,2087609.000000,5099171.000000,5061956.000000,0.000000
16回目,2100669.000000,5340121.000000,4885344.000000,0.000000
17回目,2031931.000000,5203894.000000,4845332.000000,0.000000
18回目,2102175.000000,5314622.000000,4804812.000000,0.000000
19回目,2094475.000000,5131608.000000,4772826.000000,0.000000
20回目,2064381.000000,5394497.000000,4933592.000000,0.000000
21回目,2100669.000000,5241115.000000,4696872.000000,0.000000
22回目,2064381.000000,5314510.000000,4946798.000000,0.000000
23回目,2100669.000000,5322353.000000,4748484.000000,0.000000
24回目,2075941.000000,5394160.000000,4851042.000000,0.000000
25回目,2064381.000000,5298345.000000,4833338.000000,0.000000
26回目,2067357.000000,5105465.000000,4847144.000000,0.000000
27回目,2117277.000000,5100029.000000,4826182.000000,0.000000
28回目,2067357.000000,5296716.000000,4933744.000000,0.000000
29回目,2031931.000000,5254269.000000,4899288.000000,0.000000
30回目,2064381.000000,5358300.000000,4994574.000000,0.000000
31回目,2067357.000000,5131201.000000,4851300.000000,0.000000
32回目,2064381.000000,5279068.000000,4855334.000000,0.000000
33回目,2102175.000000,5249628.000000,4779380.000000,0.000000
34回目,2064381.000000,5254888.000000,4873430.000000,0.000000
35回目,2100669.000000,5391020.000000,4713356.000000,0.000000
36回目,2075941.000000,5222853.000000,4863390.000000,0.000000
37回目,2100669.000000,5225484.000000,4781198.000000,0.000000
38回目,2067357.000000,5279992.000000,4941172.000000,0.000000
39回目,2117277.000000,5340103.000000,4851300.000000,0.000000
40回目,2067357.000000,5394423.000000,4786378.000000,0.000000
41回目,2117277.000000,5240952.000000,4999698.000000,0.000000
42回目,2064381.000000,5077562.000000,4754672.000000,0.000000
43回目,2087609.000000,5207732.000000,4854712.000000,0.000000
44回目,2094475.000000,5246860.000000,4736688.000000,0.000000
45回目,2117277.000000,5340658.000000,4803872.000000,0.000000
46回目,2087609.000000,5207598.000000,4703054.000000,0.000000
47回目,2100669.000000,5225308.000000,5018994.000000,0.000000
48回目,2087609.000000,5353484.000000,4932174.000000,0.000000
49回目,2067357.000000,5222710.000000,4915074.000000,0.000000
50回目,2095441.000000,5204199.000000,4844940.000000,0.000000
51回目,2085657.000000,5077690.000000,4820044.000000,0.000000
52回目,2095441.000000,5353749.000000,4729878.000000,0.000000
53回目,2087609.000000,5322279.000000,4836746.000000,0.000000
54回目,2085657.000000,5278370.000000,4879460.000000,0.000000
55回目,2031931.000000,5032103.000000,4880740.000000,0.000000
56回目,2085657.000000,5278596.000000,4876006.000000,0.000000
57回目,2087609.000000,5096238.000000,5009696.000000,0.000000
58回目,2102175.000000,5280105.000000,4840584.000000,0.000000
59回目,2117277.000000,5223154.000000,4916298.000000,0.000000
60回目,2100669.000000,5261068.000000,4801072.000000,0.000000
61回目,2100669.000000,5149774.000000,4829224.000000,0.000000
62回目,2075941.000000,5322343.000000,4835668.000000,0.000000
63回目,2067357.000000,5390450.000000,4896952.000000,0.000000
64回目,2100669.000000,5394109.000000,4788504.000000,0.000000
65回目,2095441.000000,5278548.000000,4941424.000000,0.000000
66回目,2085657.000000,5335594.000000,4972476.000000,0.000000
67回目,2095441.000000,5412507.000000,4891296.000000,0.000000
68回目,2100669.000000,5099832.000000,4706462.000000,0.000000
69回目,2064381.000000,5394761.000000,4785970.000000,0.000000
70回目,2100669.000000,5354148.000000,4781198.000000,0.000000
71回目,2067357.000000,5222343.000000,4866826.000000,0.000000
72回目,2075941.000000,5322484.000000,4816276.000000,0.000000
73回目,2094475.000000,5260411.000000,5022036.000000,0.000000
74回目,2085657.000000,5105789.000000,4736946.000000,0.000000
75回目,2064381.000000,5250541.000000,4850432.000000,0.000000
76回目,2095441.000000,5113815.000000,4919706.000000,0.000000
77回目,2100669.000000,5279179.000000,4925172.000000,0.000000
78回目,2094475.000000,5354188.000000,4849954.000000,0.000000
79回目,2095441.000000,5298089.000000,4841354.000000,0.000000
80回目,2085657.000000,5204229.000000,4780120.000000,0.000000
81回目,2085657.000000,5340889.000000,4959482.000000,0.000000
82回目,2075941.000000,5250868.000000,4709270.000000,0.000000
83回目,2094475.000000,5131358.000000,4989760.000000,0.000000
84回目,2064381.000000,5316642.000000,4829478.000000,0.000000
85回目,2075941.000000,5314596.000000,4740710.000000,0.000000
86回目,2075941.000000,5268146.000000,4733980.000000,0.000000
87回目,2095441.000000,5167252.000000,4857710.000000,0.000000
88回目,2067357.000000,5228903.000000,4880680.000000,0.000000
89回目,2031931.000000,5340143.000000,4945410.000000,0.000000
90回目,2102175.000000,5246225.000000,4938758.000000,0.000000
91回目,2085657.000000,5189998.000000,4861910.000000,0.000000
92回目,2075941.000000,5096006.000000,5015990.000000,0.000000
93回目,2067357.000000,5340215.000000,4934208.000000,0.000000
94回目,2031931.000000,5149611.000000,4867562.000000,0.000000
95回目,2064381.000000,5250442.000000,4772530.000000,0.000000
96回目,2064381.000000,5222711.000000,4694920.000000,0.000000
97回目,2031931.000000,5353319.000000,4909046.000000,0.000000
98回目,2031931.000000,5298207.000000,4825398.000000,0.000000
99回目,2102175.000000,5132056.000000,4858832.000000,0.000000
100回目,2100669.000000,5031292.000000,4870772.000000,0.000000
101回目,2075941.000000,5189108.000000,4995092.000000,0.000000
102回目,2102175.000000,5223179.000000,4763094.000000,0.000000
103回目,2095441.000000,5394076.000000,4845056.000000,0.000000
104回目,2095441.000000,5223031.000000,4693800.000000,0.000000
105回目,2100669.000000,5322424.000000,4901132.000000,0.000000
106回目,2064381.000000,5359156.000000,4996790.000000,0.000000
107回目,2094475.000000,5132203.000000,4857270.000000,0.000000
108回目,2087609.000000,5322294.000000,4990514.000000,0.000000
109回目,2102175.000000,5189304.000000,4859490.000000,0.000000
110回目,2087609.000000,5268046.000000,4942172.000000,0.000000
111回目,2117277.000000,5321996.000000,4931272.000000,0.000000
112回目,2094475.000000,5100268.000000,4944244.000000,0.000000
113回目,2085657.000000,5335729.000000,4781198.000000,0.000000
114回目,2102175.000000,5229201.000000,4973296.000000,0.000000
115回目,2095441.000000,5105607.000000,4902962.000000,0.000000
116回目,2031931.000000,5100054.000000,4675820.000000,0.000000
117回目,2087609.000000,5314611.000000,4967930.000000,0.000000
118回目,2085657.000000,5189982.000000,4832260.000000,0.000000
119回目,2095441.000000,5247376.000000,4844178.000000,0.000000
120回目,2085657.000000,5323181.000000,4729376.000000,0.000000
121回目,2085657.000000,5106182.000000,4882860.000000,0.000000
122回目,2087609.000000,5229538.000000,4965672.000000,0.000000
123回目,2075941.000000,5229603.000000,4924568.000000,0.000000
124回目,2075941.000000,5255030.000000,4953616.000000,0.000000
125回目,2117277.000000,5078314.000000,4895400.000000,0.000000
126回目,2102175.000000,5106060.000000,4598854.000000,0.000000
127回目,2095441.000000,5250101.000000,4716994.000000,0.000000
128回目,2075941.000000,5203620.000000,4731916.000000,0.000000
129回目,2095441.000000,5430123.000000,4773414.000000,0.000000
130回目,2067357.000000,5335214.000000,4849482.000000,0.000000
131回目,2095441.000000,5260260.000000,4991528.000000,0.000000
132回目,2087609.000000,5317290.000000,4826868.000000,0.000000
133回目,2117277.000000,5353467.000000,4764222.000000,0.000000
134回目,2117277.000000,5131749.000000,4704434.000000,0.000000
135回目,2087609.000000,5353860.000000,4839468.000000,0.000000
136回目,2087609.000000,5394925.000000,4790062.000000,0.000000
137回目,2067357.000000,5411784.000000,4716994.000000,0.000000
138回目,2067357.000000,5280277.000000,4841518.000000,0.000000
139回目,2100669.000000,5321921.000000,4849324.000000,0.000000
140回目,2095441.000000,5222835.000000,4811048.000000,0.000000
141回目,2117277.000000,5394748.000000,5013170.000000,0.000000
142回目,2031931.000000,5339970.000000,4828276.000000,0.000000
143回目,2102175.000000,5394280.000000,4796488.000000,0.000000
144回目,2085657.000000,5100307.000000,4920738.000000,0.000000
145回目,2100669.000000,5316100.000000,4959972.000000,0.000000
146回目,2095441.000000,5167737.000000,4875538.000000,0.000000
147回目,2075941.000000,5353514.000000,4863676.000000,0.000000
148回目,2064381.000000,5207721.000000,5061514.000000,0.000000
149回目,2100669.000000,5241287.000000,4827376.000000,0.000000
150回目,2085657.000000,5316810.000000,4733980.000000,0.000000
151回目,2102175.000000,5279597.000000,4995320.000000,0.000000
152回目,2117277.000000,5430727.000000,4883846.000000,0.000000
153回目,2100669.000000,5207435.000000,4945320.000000,0.000000
154回目,2094475.000000,5114382.000000,4871334.000000,0.000000
155回目,2095441.000000,5390512.000000,4784160.000000,0.000000
156回目,2102175.000000,5260619.000000,4718404.000000,0.000000
157回目,2064381.000000,5229581.000000,4844854.000000,0.000000
158回目,2067357.000000,5285942.000000,4874168.000000,0.000000
159回目,2102175.000000,5250481.000000,4947018.000000,0.000000
160回目,2102175.000000,5096376.000000,4726272.000000,0.000000
161回目,2102175.000000,5222756.000000,4761380.000000,0.000000
162回目,2117277.000000,5279306.000000,4704334.000000,0.000000
163回目,2075941.000000,5276911.000000,4722302.000000,0.000000
164回目,2064381.000000,5315071.000000,4711562.000000,0.000000
165回目,2087609.000000,5354333.000000,4866586.000000,0.000000
166回目,2094475.000000,5249935.000000,4915598.000000,0.000000
167回目,2067357.000000,5285938.000000,4897576.000000,0.000000
168回目,2085657.000000,5032150.000000,5015294.000000,0.000000
169回目,2031931.000000,5240722.000000,5007378.000000,0.000000
170回目,2075941.000000,5189870.000000,5022842.000000,0.000000
171回目,2094475.000000,5204198.000000,4693028.000000,0.000000
172回目,2095441.000000,5261174.000000,4721788.000000,0.000000
173回目,2087609.000000,5371654.000000,4847566.000000,0.000000
174回目,2117277.000000,5222193.000000,4721658.000000,0.000000
175回目,2094475.000000,5335671.000000,4855118.000000,0.000000
176回目,2085657.000000,5412574.000000,4827494.000000,0.000000
177回目,2075941.000000,5250578.000000,4932474.000000,0.000000
178回目,2087609.000000,5353571.000000,4878210.000000,0.000000
179回目,2102175.000000,5131278.000000,4724324.000000,0.000000
180回目,2095441.000000,5131589.000000,4872858.000000,0.000000
181回目,2095441.000000,5106113.000000,4871952.000000,0.000000
182回目,2085657.000000,5203672.000000,4988240.000000,0.000000
183回目,2095441.000000,5278114.000000,4709420.000000,0.000000
184回目,2085657.000000,5353019.000000,4772778.000000,0.000000
185回目,2085657.000000,5260314.000000,4710938.000000,0.000000
186回目,2087609.000000,5394825.000000,4924542.000000,0.000000
187回目,2100669.000000,5078384.000000,4828632.000000,0.000000
188回目,2087609.000000,5099474.000000,4885368.000000,0.000000
189回目,2095441.000000,5095970.000000,4844044.000000,0.000000
190回目,2064381.000000,5340232.000000,5104730.000000,0.000000
191回目,2095441.000000,5322854.000000,4704572.000000,0.000000
192回目,2085657.000000,5254743.000000,4783314.000000,0.000000
193回目,2067357.000000,5340813.000000,5010486.000000,0.000000
194回目,2095441.000000,5268177.000000,4925952.000000,0.000000
195回目,2075941.000000,5279964.000000,4781198.000000,0.000000
196回目,2064381.000000,5390939.000000,4869680.000000,0.000000
197回目,2031931.000000,5100399.000000,4844106.000000,0.000000
198回目,2102175.000000,5353477.000000,4941172.000000,0.000000
199回目,2117277.000000,5106038.000000,4879548.000000,0.000000
200回目,2100669.000000,5207809.000000,4793212.000000,0.000000
201回目,2067357.000000,5341146.000000,4733980.000000,0.000000
202回目,2064381.000000,5336032.000000,4859742.000000,0.000000
203回目,2067357.000000,5260559.000000,5036616.000000,0.000000
204回目,2094475.000000,5335280.000000,4752012.000000,0.000000
205回目,2075941.000000,5207487.000000,4688160.000000,0.000000
206回目,2102175.000000,5354246.000000,4712708.000000,0.000000
207回目,2117277.000000,5358463.000000,4821160.000000,0.000000
208回目,2031931.000000,5315276.000000,4888178.000000,0.000000
209回目,2031931.000000,5240638.000000,4716994.000000,0.000000
210回目,2064381.000000,5106130.000000,5013556.000000,0.000000
211回目,2100669.000000,5334927.000000,4824310.000000,0.000000
212回目,2094475.000000,5241249.000000,4865988.000000,0.000000
213回目,2095441.000000,5340799.000000,4980696.000000,0.000000
214回目,2031931.000000,5222508.000000,4709258.000000,0.000000
215回目,2064381.000000,5321952.000000,4796780.000000,0.000000
216回目,2102175.000000,5314926.000000,4944648.000000,0.000000
217回目,2031931.000000,5340100.000000,4830190.000000,0.000000
218回目,2102175.000000,5100024.000000,4809256.000000,0.000000
219回目,2031931.000000,5390141.000000,4925830.000000,0.000000
220回目,2117277.000000,5341000.000000,4891482.000000,0.000000
221回目,2067357.000000,5335790.000000,4849262.000000,0.000000
222回目,2085657.000000,5279099.000000,4718174.000000,0.000000
223回目,2100669.000000,5336111.000000,4775802.000000,0.000000
224回目,2067357.000000,5358572.000000,4971264.000000,0.000000
225回目,2087609.000000,5228773.000000,4643540.000000,0.000000
226回目,2095441.000000,5280267.000000,4940512.000000,0.000000
227回目,2117277.000000,5412374.000000,5037866.000000,0.000000
228回目,2095441.000000,5298083.000000,4909650.000000,0.000000
229回目,2031931.000000,5150153.000000,4840196.000000,0.000000
230回目,2075941.000000,5390067.000000,4821930.000000,0.000000
231回目,2117277.000000,5297890.000000,4802444.000000,0.000000
232回目,2094475.000000,5430194.000000,4851352.000000,0.000000
233回目,2031931.000000,5354361.000000,4713098.000000,0.000000
234回目,2094475.000000,5390233.000000,4929782.000000,0.000000
235回目,2094475.000000,5298308.000000,4680540.000000,0.000000
236回目,2087609.000000,5335630.000000,4838658.000000,0.000000
237回目,2031931.000000,5240467.000000,4778192.000000,0.000000
238回目,2064381.000000,5240300.000000,5021756.000000,0.000000
239回目,2100669.000000,5228594.000000,4682008.000000,0.000000
240回目,2100669.000000,5297991.000000,4611928.000000,0.000000
241回目,2031931.000000,5228726.000000,4923730.000000,0.000000
242回目,2095441.000000,5105522.000000,4715580.000000,0.000000
243回目,2100669.000000,5225463.000000,4988672.000000,0.000000
244回目,2117277.000000,5376421.000000,4694456.000000,0.000000
245回目,2064381.000000,5204612.000000,5091866.000000,0.000000
246回目,2095441.000000,5268559.000000,4858280.000000,0.000000
247回目,2094475.000000,5358977.000000,4950646.000000,0.000000
248回目,2064381.000000,5240435.000000,4997102.000000,0.000000
249回目,2102175.000000,5322104.000000,4699834.000000,0.000000
250回目,2031931.000000,5149112.000000,5086286.000000,0.000000
