Delay,GPSR,NGPSR,NPGPSR,NDGPSR
1回目,20.121100,2.566170,2.802790,52.098100
2回目,3.175000,2.406840,16.215900,17.820500
3回目,3.175000,15.730000,15.968900,52.098100
4回目,20.121100,15.760800,16.244900,15.951300
5回目,21.697900,2.332010,16.215900,2.950250
6回目,2.988020,2.566170,16.079300,16.313000
7回目,2.820430,64.496000,17.100800,2.950250
8回目,22.616300,2.637270,2.802790,17.434400
9回目,2.921650,15.730000,15.539700,16.313000
10回目,2.921650,3.109380,3.260560,17.434400
11回目,22.616300,2.964310,2.727230,2.950250
12回目,2.921650,16.710700,15.800900,17.820500
13回目,21.697900,16.741200,2.986140,2.775580
14回目,2.820430,2.566170,3.146890,2.950250
15回目,22.616300,2.948550,16.550000,2.950250
16回目,41.908500,15.760800,16.244900,52.098100
17回目,41.908500,3.110170,2.897100,2.775580
18回目,18.101600,17.235200,16.215900,2.991300
19回目,22.616300,2.637270,16.587100,2.772490
20回目,2.820430,15.760800,2.992320,16.313000
21回目,41.908500,14.960900,16.044800,2.772490
22回目,2.921650,2.566170,3.683020,15.951300
23回目,41.908500,15.730000,16.405800,17.434400
24回目,21.546700,3.110170,2.788020,2.772490
25回目,41.908500,16.741200,3.063410,17.434400
26回目,22.616300,3.110170,3.070200,2.991300
27回目,20.121100,16.710700,2.917700,2.775580
28回目,18.101600,2.428730,2.744210,22.471800
29回目,21.546700,2.332010,3.396650,52.098100
30回目,21.546700,2.332010,16.373200,2.775580
31回目,3.175000,2.637270,2.992320,22.471800
32回目,41.908500,64.496000,2.802790,22.471800
33回目,18.101600,2.428730,3.465130,17.434400
34回目,2.921650,2.428730,2.992320,2.950250
35回目,2.921650,14.960900,2.994970,15.951300
36回目,3.175000,2.566170,2.480110,2.991300
37回目,22.616300,2.332010,15.968900,2.950250
38回目,3.175000,14.960900,16.162100,2.991300
39回目,20.121100,2.948550,15.968900,15.951300
40回目,21.546700,15.730000,16.865800,2.772490
41回目,3.175000,16.741200,17.041300,17.820500
42回目,21.546700,2.531710,3.232680,2.814780
43回目,2.988020,15.760800,2.744210,2.814780
44回目,3.175000,2.332010,16.028300,17.820500
45回目,3.175000,2.637270,3.591610,22.471800
46回目,3.175000,64.496000,2.828360,15.951300
47回目,18.101600,2.428730,16.557800,2.991300
48回目,22.616300,2.744380,2.957640,17.434400
49回目,18.101600,3.110170,2.395440,15.951300
50回目,45.809000,2.925370,2.814400,2.991300
51回目,41.908500,3.110170,15.644900,17.820500
52回目,21.697900,3.110170,28.576700,2.950250
53回目,21.697900,2.531710,3.591610,2.814780
54回目,21.697900,2.406840,3.591610,22.471800
55回目,22.616300,2.428730,2.744210,15.951300
56回目,45.809000,2.948550,2.920700,17.820500
57回目,45.809000,3.110170,29.999400,16.313000
58回目,22.616300,2.637270,3.053550,16.313000
59回目,41.908500,15.760800,15.968900,2.772490
60回目,2.988020,2.637270,16.215900,52.098100
61回目,2.921650,2.566170,2.889520,17.434400
62回目,3.175000,3.110170,2.849200,52.098100
63回目,41.908500,2.566170,17.435100,2.772490
64回目,21.546700,3.110170,2.750640,22.471800
65回目,2.921650,2.531710,16.900600,2.814780
66回目,2.988020,15.760800,2.994970,17.820500
67回目,21.697900,2.637270,16.215900,2.814780
68回目,21.697900,3.110170,17.048600,2.950250
69回目,21.546700,3.110170,3.250330,17.434400
70回目,2.988020,3.110170,15.495600,52.098100
71回目,22.616300,3.110170,2.480110,17.820500
72回目,20.121100,3.110170,2.480110,2.950250
73回目,3.175000,2.332010,16.938300,17.434400
74回目,2.921650,16.741200,2.480110,16.313000
75回目,2.820430,2.566170,3.259250,2.772490
76回目,21.546700,14.960900,2.461660,17.820500
77回目,2.921650,3.109380,3.053550,22.471800
78回目,18.101600,2.406840,3.468180,2.772490
79回目,45.809000,2.566170,2.744210,15.951300
80回目,2.820430,14.960900,16.244900,2.814780
81回目,18.101600,2.948550,3.053550,52.098100
82回目,41.908500,2.744380,2.505800,2.775580
83回目,3.175000,67.023200,2.994970,2.772490
84回目,22.616300,2.964310,2.750800,22.471800
85回目,22.616300,16.741200,3.591610,52.098100
86回目,41.908500,15.760800,2.918610,2.991300
87回目,22.616300,16.741200,17.438300,52.098100
88回目,2.921650,14.960900,2.825180,2.991300
89回目,18.101600,2.332010,2.533000,52.098100
90回目,18.101600,3.109380,16.270900,2.950250
91回目,21.546700,2.332010,3.003970,52.098100
92回目,21.546700,2.332010,2.994970,2.950250
93回目,2.988020,2.964310,2.992320,2.950250
94回目,3.175000,16.710700,16.004600,2.991300
95回目,18.101600,2.406840,2.771060,22.471800
96回目,2.921650,15.730000,14.972300,2.814780
97回目,2.921650,15.760800,2.480110,52.098100
98回目,21.697900,16.089900,2.371250,2.814780
99回目,22.616300,3.110170,17.285100,22.471800
100回目,21.546700,3.109380,3.591610,16.313000
101回目,21.697900,15.730000,2.382780,52.098100
102回目,45.809000,3.049270,31.401000,22.471800
103回目,45.809000,2.332010,3.609960,2.772490
104回目,21.546700,2.948550,15.619000,2.775580
105回目,45.809000,2.566170,2.802790,2.775580
106回目,21.546700,2.428730,15.164800,2.772490
107回目,21.697900,16.089900,2.775530,2.950250
108回目,22.616300,2.332010,16.215900,22.471800
109回目,21.697900,2.964310,2.933060,2.775580
110回目,2.921650,16.089900,16.215900,15.951300
111回目,2.921650,2.332010,2.697190,17.434400
112回目,21.697900,15.760800,16.215900,52.098100
113回目,45.809000,16.741200,16.272600,2.814780
114回目,41.908500,15.730000,2.959570,16.313000
115回目,2.820430,2.332010,16.244900,2.775580
116回目,2.820430,2.637270,15.989100,15.951300
117回目,21.697900,15.760800,17.112300,2.775580
118回目,22.616300,3.110170,3.363550,15.951300
119回目,45.809000,2.428730,2.992320,2.991300
120回目,45.809000,3.049270,2.802790,16.313000
121回目,18.101600,15.760800,2.903910,17.820500
122回目,2.988020,14.960900,3.053550,2.950250
123回目,21.546700,2.566170,2.545790,17.820500
124回目,18.101600,64.496000,3.591610,16.313000
125回目,21.697900,2.948550,15.921200,15.951300
126回目,45.809000,15.760800,2.991170,17.434400
127回目,21.546700,14.960900,30.136800,2.950250
128回目,21.546700,2.406840,2.977320,2.772490
129回目,2.921650,14.960900,2.994970,52.098100
130回目,45.809000,3.110170,2.480110,2.775580
131回目,3.175000,2.948550,2.996990,15.951300
132回目,41.908500,2.428730,16.576900,52.098100
133回目,3.175000,3.109380,2.667620,2.950250
134回目,2.988020,2.566170,3.313890,16.313000
135回目,41.908500,2.925370,3.591610,2.772490
136回目,3.175000,2.964310,15.737700,52.098100
137回目,3.175000,2.566170,3.474650,2.775580
138回目,21.546700,2.406840,16.793500,15.951300
139回目,20.121100,2.948550,16.373200,15.951300
140回目,21.697900,15.760800,2.480110,15.951300
141回目,18.101600,15.760800,3.418370,52.098100
142回目,21.546700,16.741200,3.030200,22.471800
143回目,2.988020,2.948550,2.992320,2.991300
144回目,2.820430,64.496000,15.712000,2.814780
145回目,41.908500,64.496000,3.238190,2.814780
146回目,21.546700,2.531710,2.586220,2.814780
147回目,2.921650,2.744380,3.657070,2.814780
148回目,22.616300,17.235200,2.632760,16.313000
149回目,21.697900,2.637270,2.994970,15.951300
150回目,3.175000,2.744380,2.802790,2.775580
151回目,3.175000,2.428730,3.053550,15.951300
152回目,18.101600,2.637270,2.642660,2.775580
153回目,2.988020,2.332010,16.244900,22.471800
154回目,2.988020,16.710700,2.992320,52.098100
155回目,22.616300,2.964310,16.244900,2.772490
156回目,22.616300,2.406840,2.863800,2.772490
157回目,2.921650,2.637270,17.078700,15.951300
158回目,3.175000,2.925370,16.373200,2.814780
159回目,20.121100,2.531710,16.373200,2.775580
160回目,21.546700,14.960900,2.752960,17.820500
161回目,21.697900,15.760800,2.480110,2.814780
162回目,2.988020,16.741200,16.215900,2.814780
163回目,2.988020,15.730000,2.644130,2.991300
164回目,22.616300,3.110170,2.802790,15.951300
165回目,22.616300,15.760800,16.015000,52.098100
166回目,20.121100,2.566170,2.035630,17.820500
167回目,45.809000,2.744380,2.481970,22.471800
168回目,22.616300,16.741200,2.744210,17.820500
169回目,21.546700,2.948550,15.968900,52.098100
170回目,2.988020,2.566170,2.480110,22.471800
171回目,22.616300,16.741200,3.061160,52.098100
172回目,41.908500,64.496000,3.538390,17.820500
173回目,2.921650,3.110170,15.299100,2.950250
174回目,18.101600,3.049270,2.846660,2.775580
175回目,22.616300,3.110170,16.215900,2.775580
176回目,20.121100,3.109380,2.941680,2.772490
177回目,41.908500,2.531710,2.529640,16.313000
178回目,20.121100,3.110170,16.430200,17.434400
179回目,22.616300,14.960900,3.053550,2.950250
180回目,2.988020,3.110170,3.705870,15.951300
181回目,21.697900,15.730000,16.115000,17.820500
182回目,2.820430,2.566170,2.802790,2.775580
183回目,18.101600,3.049270,15.593400,17.820500
184回目,21.546700,15.760800,26.800600,2.950250
185回目,3.175000,3.110170,3.232680,2.814780
186回目,20.121100,64.496000,16.373200,15.951300
187回目,20.121100,2.637270,2.992320,2.950250
188回目,41.908500,2.332010,2.851820,22.471800
189回目,22.616300,3.110170,2.904850,2.772490
190回目,2.921650,15.730000,2.802790,2.775580
191回目,2.921650,3.110170,3.479240,17.820500
192回目,22.616300,2.406840,16.244900,2.772490
193回目,2.820430,2.428730,31.213000,22.471800
194回目,21.697900,15.730000,2.599030,2.775580
195回目,41.908500,16.741200,2.480110,2.991300
196回目,21.546700,14.960900,3.591440,17.434400
197回目,2.921650,14.960900,16.377400,52.098100
198回目,2.820430,2.531710,16.156600,22.471800
199回目,22.616300,2.566170,16.053800,52.098100
200回目,22.616300,14.960900,16.629400,22.471800
201回目,18.101600,16.089900,2.225960,2.775580
202回目,45.809000,2.332010,15.778600,22.471800
203回目,22.616300,2.637270,16.244900,2.775580
204回目,22.616300,2.925370,2.992320,15.951300
205回目,21.546700,2.332010,39.219000,2.772490
206回目,2.988020,15.760800,3.820050,2.814780
207回目,22.616300,16.710700,30.547700,17.434400
208回目,2.820430,3.110170,2.744210,17.820500
209回目,21.697900,2.531710,18.277500,2.775580
210回目,45.809000,16.741200,16.474400,2.991300
211回目,21.697900,15.760800,2.362080,17.434400
212回目,45.809000,2.566170,16.373200,2.772490
213回目,20.121100,3.049270,3.053550,15.951300
214回目,2.820430,16.741200,2.755980,2.814780
215回目,21.546700,2.744380,2.994970,2.772490
216回目,45.809000,2.637270,3.559720,2.775580
217回目,21.697900,2.744380,16.244900,17.434400
218回目,22.616300,16.741200,3.053550,2.814780
219回目,41.908500,17.235200,15.553200,2.991300
220回目,2.988020,2.531710,2.577510,52.098100
221回目,18.101600,16.089900,2.849200,2.775580
222回目,21.546700,15.730000,2.316130,17.820500
223回目,20.121100,15.760800,3.067210,16.313000
224回目,2.988020,2.566170,2.994970,16.313000
225回目,20.121100,17.235200,3.591610,17.434400
226回目,18.101600,2.637270,16.557800,2.772490
227回目,20.121100,64.496000,16.323900,2.950250
228回目,18.101600,2.428730,3.020520,2.991300
229回目,2.921650,64.496000,17.236400,2.775580
230回目,3.175000,14.960900,3.053550,17.434400
231回目,2.820430,2.428730,15.968900,17.434400
232回目,21.697900,2.531710,2.806400,2.775580
233回目,2.988020,16.741200,2.909250,16.313000
234回目,2.988020,64.496000,2.986140,22.471800
235回目,2.820430,2.332010,2.964480,22.471800
236回目,22.616300,2.637270,15.889400,2.991300
237回目,2.988020,2.332010,2.987560,2.950250
238回目,21.546700,64.496000,16.215900,2.950250
239回目,21.697900,2.566170,16.197800,2.814780
240回目,2.921650,15.760800,2.802790,16.313000
241回目,3.175000,3.110170,15.705800,2.772490
242回目,2.988020,16.089900,29.998500,2.950250
243回目,2.820430,15.760800,31.872100,22.471800
244回目,2.921650,2.566170,2.950550,2.950250
245回目,21.546700,3.110170,2.994970,2.814780
246回目,18.101600,16.089900,2.586380,2.991300
247回目,41.908500,16.089900,2.645250,22.471800
248回目,22.616300,15.730000,2.744210,22.471800
249回目,41.908500,2.332010,29.240600,17.820500
250回目,20.121100,16.710700,3.591610,16.313000
