PDR,GPSR,NGPSR,NPGPSR,NDGPSR
1回目,60.204100,78.610600,69.457000,82.653100
2回目,55.102000,77.551000,74.526900,68.367300
3回目,55.102000,79.591800,78.571400,82.653100
4回目,60.204100,76.530600,74.489800,76.530600
5回目,53.061200,75.547800,74.526900,72.485100
6回目,47.959200,78.610600,79.591800,77.319600
7回目,48.979600,82.653100,69.387800,72.485100
8回目,52.040800,79.591800,69.457000,71.428600
9回目,58.762900,79.591800,77.628400,77.319600
10回目,58.762900,79.591800,71.428600,71.428600
11回目,52.040800,73.469400,76.288700,72.485100
12回目,58.762900,74.489800,78.571400,68.367300
13回目,53.061200,72.449000,76.530600,73.506000
14回目,48.979600,78.610600,67.346900,72.485100
15回目,52.040800,79.381400,75.547800,72.485100
16回目,52.040800,76.530600,74.489800,82.653100
17回目,52.040800,79.591800,75.257700,73.506000
18回目,65.306100,72.449000,74.526900,70.443300
19回目,52.040800,79.591800,74.526900,83.673500
20回目,48.979600,76.530600,78.571400,77.319600
21回目,52.040800,84.693900,79.591800,83.673500
22回目,58.762900,78.610600,83.673500,76.530600
23回目,52.040800,79.591800,73.506000,71.428600
24回目,54.081600,79.591800,87.755100,83.673500
25回目,52.040800,72.449000,72.449000,71.428600
26回目,52.040800,79.591800,73.469400,70.443300
27回目,60.204100,74.489800,77.551000,73.506000
28回目,65.306100,83.673500,80.412400,77.589700
29回目,54.081600,75.547800,81.632700,82.653100
30回目,54.081600,75.547800,77.551000,73.506000
31回目,55.102000,79.591800,78.571400,77.589700
32回目,52.040800,82.653100,69.457000,77.589700
33回目,65.306100,83.673500,77.551000,71.428600
34回目,58.762900,83.673500,78.571400,72.485100
35回目,58.762900,84.693900,87.755100,76.530600
36回目,55.102000,78.610600,67.380500,70.443300
37回目,52.040800,75.547800,78.571400,72.485100
38回目,55.102000,84.693900,75.510200,70.443300
39回目,60.204100,79.381400,78.571400,76.530600
40回目,54.081600,79.591800,73.469400,83.673500
41回目,55.102000,72.449000,74.489800,68.367300
42回目,54.081600,80.612200,75.510200,66.359600
43回目,47.959200,76.530600,80.412400,66.359600
44回目,55.102000,75.547800,77.551000,68.367300
45回目,55.102000,79.591800,79.591800,77.589700
46回目,55.102000,82.653100,71.428600,76.530600
47回目,65.306100,83.673500,73.506000,70.443300
48回目,52.040800,75.510200,76.568800,71.428600
49回目,65.306100,79.591800,70.478400,76.530600
50回目,71.428600,79.421400,78.571400,70.443300
51回目,52.040800,79.591800,78.571400,68.367300
52回目,53.061200,79.591800,78.610600,72.485100
53回目,53.061200,80.612200,79.591800,66.359600
54回目,53.061200,77.551000,79.591800,77.589700
55回目,52.040800,83.673500,80.412400,76.530600
56回目,71.428600,79.381400,69.387800,68.367300
57回目,71.428600,79.591800,75.510200,77.319600
58回目,52.040800,79.591800,80.652400,77.319600
59回目,52.040800,76.530600,78.571400,83.673500
60回目,47.959200,79.591800,74.526900,82.653100
61回目,58.762900,78.610600,68.435500,71.428600
62回目,55.102000,79.591800,75.510200,82.653100
63回目,52.040800,78.610600,72.449000,83.673500
64回目,54.081600,79.591800,80.412400,77.589700
65回目,58.762900,80.612200,73.469400,66.359600
66回目,47.959200,76.530600,87.755100,68.367300
67回目,53.061200,79.591800,74.526900,66.359600
68回目,53.061200,79.591800,74.489800,72.485100
69回目,54.081600,79.591800,73.506000,71.428600
70回目,47.959200,79.591800,79.631500,82.653100
71回目,52.040800,79.591800,67.380500,68.367300
72回目,60.204100,79.591800,67.380500,72.485100
73回目,55.102000,75.547800,73.195900,71.428600
74回目,58.762900,72.449000,67.380500,77.319600
75回目,48.979600,78.610600,73.232700,83.673500
76回目,54.081600,84.693900,68.401400,68.367300
77回目,58.762900,79.591800,80.652400,77.589700
78回目,65.306100,77.551000,68.367300,83.673500
79回目,71.428600,78.610600,80.412400,76.530600
80回目,48.979600,84.693900,74.489800,66.359600
81回目,65.306100,79.381400,80.652400,82.653100
82回目,52.040800,75.510200,69.457000,73.506000
83回目,55.102000,79.591800,87.755100,83.673500
84回目,52.040800,73.469400,74.489800,77.589700
85回目,52.040800,72.449000,79.591800,82.653100
86回目,52.040800,76.530600,68.401400,70.443300
87回目,52.040800,72.449000,69.457000,82.653100
88回目,58.762900,84.693900,79.591800,70.443300
89回目,65.306100,75.547800,65.403900,82.653100
90回目,65.306100,79.591800,77.551000,72.485100
91回目,54.081600,75.547800,72.485100,82.653100
92回目,54.081600,75.547800,87.755100,72.485100
93回目,47.959200,73.469400,78.571400,72.485100
94回目,55.102000,74.489800,78.571400,70.443300
95回目,65.306100,77.551000,72.485100,77.589700
96回目,58.762900,79.591800,80.612200,66.359600
97回目,58.762900,76.530600,67.380500,82.653100
98回目,53.061200,77.551000,70.443300,66.359600
99回目,52.040800,79.591800,69.387800,77.589700
100回目,54.081600,79.591800,79.591800,77.319600
101回目,53.061200,79.591800,72.485100,82.653100
102回目,71.428600,77.551000,71.464200,77.589700
103回目,71.428600,75.547800,80.612200,83.673500
104回目,54.081600,79.381400,81.632700,73.506000
105回目,71.428600,78.610600,69.457000,73.506000
106回目,54.081600,83.673500,78.649800,83.673500
107回目,53.061200,77.551000,80.612200,72.485100
108回目,52.040800,75.547800,74.526900,77.589700
109回目,53.061200,73.469400,77.551000,73.506000
110回目,58.762900,77.551000,74.526900,76.530600
111回目,58.762900,75.547800,74.489800,71.428600
112回目,53.061200,76.530600,74.526900,82.653100
113回目,71.428600,72.449000,75.510200,66.359600
114回目,52.040800,79.591800,89.795900,77.319600
115回目,48.979600,75.547800,74.489800,73.506000
116回目,48.979600,79.591800,78.571400,76.530600
117回目,53.061200,76.530600,71.428600,73.506000
118回目,52.040800,79.591800,73.469400,76.530600
119回目,71.428600,83.673500,78.571400,70.443300
120回目,71.428600,77.551000,69.457000,77.319600
121回目,65.306100,76.530600,71.428600,68.367300
122回目,47.959200,84.693900,80.652400,72.485100
123回目,54.081600,78.610600,79.381400,68.367300
124回目,65.306100,82.653100,79.591800,77.319600
125回目,53.061200,79.381400,79.591800,76.530600
126回目,71.428600,76.530600,72.485100,71.428600
127回目,54.081600,84.693900,75.547800,72.485100
128回目,54.081600,77.551000,78.610600,83.673500
129回目,58.762900,84.693900,87.755100,82.653100
130回目,71.428600,79.591800,67.380500,73.506000
131回目,55.102000,79.381400,78.610600,76.530600
132回目,52.040800,83.673500,74.489800,82.653100
133回目,55.102000,79.591800,73.469400,72.485100
134回目,47.959200,78.610600,72.449000,77.319600
135回目,52.040800,79.421400,79.591800,83.673500
136回目,55.102000,73.469400,80.612200,82.653100
137回目,55.102000,78.610600,83.673500,73.506000
138回目,54.081600,77.551000,73.469400,76.530600
139回目,60.204100,79.381400,77.551000,76.530600
140回目,53.061200,76.530600,67.380500,76.530600
141回目,65.306100,76.530600,84.693900,82.653100
142回目,54.081600,72.449000,72.164900,77.589700
143回目,47.959200,79.381400,78.571400,70.443300
144回目,48.979600,82.653100,77.589700,66.359600
145回目,52.040800,82.653100,68.435500,66.359600
146回目,54.081600,80.612200,73.469400,66.359600
147回目,58.762900,75.510200,72.485100,66.359600
148回目,52.040800,72.449000,74.489800,77.319600
149回目,53.061200,79.591800,87.755100,76.530600
150回目,55.102000,75.510200,69.457000,73.506000
151回目,55.102000,83.673500,80.652400,76.530600
152回目,65.306100,79.591800,79.671200,73.506000
153回目,47.959200,75.547800,74.489800,77.589700
154回目,47.959200,74.489800,78.571400,82.653100
155回目,52.040800,73.469400,74.489800,83.673500
156回目,52.040800,77.551000,80.652400,83.673500
157回目,58.762900,79.591800,74.489800,76.530600
158回目,55.102000,79.421400,77.551000,66.359600
159回目,60.204100,80.612200,77.551000,73.506000
160回目,54.081600,84.693900,72.521200,68.367300
161回目,53.061200,76.530600,67.380500,66.359600
162回目,47.959200,72.449000,74.526900,66.359600
163回目,47.959200,79.591800,78.350500,70.443300
164回目,52.040800,79.591800,69.457000,76.530600
165回目,52.040800,76.530600,77.589700,82.653100
166回目,60.204100,78.610600,74.489800,68.367300
167回目,71.428600,75.510200,71.499800,77.589700
168回目,52.040800,72.449000,80.412400,68.367300
169回目,54.081600,79.381400,78.571400,82.653100
170回目,47.959200,78.610600,67.380500,77.589700
171回目,52.040800,72.449000,73.542700,82.653100
172回目,52.040800,82.653100,79.591800,68.367300
173回目,58.762900,79.591800,81.443300,72.485100
174回目,65.306100,77.551000,69.457000,73.506000
175回目,52.040800,79.591800,74.526900,73.506000
176回目,60.204100,79.591800,87.755100,83.673500
177回目,52.040800,80.612200,73.506000,77.319600
178回目,60.204100,79.591800,73.506000,71.428600
179回目,52.040800,84.693900,80.652400,72.485100
180回目,47.959200,79.591800,83.673500,76.530600
181回目,53.061200,79.591800,77.551000,68.367300
182回目,48.979600,78.610600,69.457000,73.506000
183回目,65.306100,77.551000,77.551000,68.367300
184回目,54.081600,76.530600,85.714300,72.485100
185回目,55.102000,79.591800,75.510200,66.359600
186回目,60.204100,82.653100,77.551000,76.530600
187回目,60.204100,79.591800,78.571400,72.485100
188回目,52.040800,75.547800,83.673500,77.589700
189回目,52.040800,79.591800,80.612200,83.673500
190回目,58.762900,79.591800,69.457000,73.506000
191回目,58.762900,79.591800,78.571400,68.367300
192回目,52.040800,77.551000,74.489800,83.673500
193回目,48.979600,83.673500,70.408200,77.589700
194回目,53.061200,79.591800,69.457000,73.506000
195回目,52.040800,72.449000,67.380500,70.443300
196回目,54.081600,84.693900,79.591800,71.428600
197回目,58.762900,84.693900,75.510200,82.653100
198回目,48.979600,80.612200,76.530600,77.589700
199回目,52.040800,78.610600,79.591800,82.653100
200回目,52.040800,84.693900,75.547800,77.589700
201回目,65.306100,77.551000,70.478400,73.506000
202回目,71.428600,75.547800,80.612200,77.589700
203回目,52.040800,79.591800,74.489800,73.506000
204回目,52.040800,79.421400,78.571400,76.530600
205回目,54.081600,75.547800,84.693900,83.673500
206回目,47.959200,76.530600,77.551000,66.359600
207回目,52.040800,74.489800,73.469400,71.428600
208回目,48.979600,79.591800,80.412400,68.367300
209回目,53.061200,80.612200,65.306100,73.506000
210回目,71.428600,72.449000,74.489800,70.443300
211回目,53.061200,76.530600,74.489800,71.428600
212回目,71.428600,78.610600,77.551000,83.673500
213回目,60.204100,77.551000,80.652400,76.530600
214回目,48.979600,72.449000,75.547800,66.359600
215回目,54.081600,75.510200,87.755100,83.673500
216回目,71.428600,79.591800,79.591800,73.506000
217回目,53.061200,75.510200,74.489800,71.428600
218回目,52.040800,72.449000,80.652400,66.359600
219回目,52.040800,72.449000,77.628400,70.443300
220回目,47.959200,80.612200,72.449000,82.653100
221回目,65.306100,77.551000,75.510200,73.506000
222回目,54.081600,79.591800,69.422300,68.367300
223回目,60.204100,76.530600,77.551000,77.319600
224回目,47.959200,78.610600,87.755100,77.319600
225回目,60.204100,72.449000,79.591800,71.428600
226回目,65.306100,79.591800,73.506000,83.673500
227回目,60.204100,82.653100,78.571400,72.485100
228回目,65.306100,83.673500,83.673500,70.443300
229回目,58.762900,82.653100,71.428600,73.506000
230回目,55.102000,84.693900,80.652400,71.428600
231回目,48.979600,83.673500,78.571400,71.428600
232回目,53.061200,80.612200,74.226800,73.506000
233回目,47.959200,72.449000,80.652400,77.319600
234回目,47.959200,82.653100,76.530600,77.589700
235回目,48.979600,75.547800,79.591800,77.589700
236回目,52.040800,79.591800,75.510200,70.443300
237回目,47.959200,75.547800,75.547800,72.485100
238回目,54.081600,82.653100,74.526900,72.485100
239回目,53.061200,78.610600,78.571400,66.359600
240回目,58.762900,76.530600,69.457000,77.319600
241回目,55.102000,79.591800,80.612200,83.673500
242回目,47.959200,77.551000,75.510200,72.485100
243回目,48.979600,76.530600,71.428600,77.589700
244回目,58.762900,78.610600,77.551000,72.485100
245回目,54.081600,79.591800,87.755100,66.359600
246回目,65.306100,77.551000,90.816300,70.443300
247回目,52.040800,77.551000,71.428600,77.589700
248回目,52.040800,79.591800,80.412400,77.589700
249回目,52.040800,75.547800,76.530600,68.367300
250回目,60.204100,74.489800,79.591800,77.319600
