HopNum,GPSR,NGPSR,NPGPSR,NDGPSR
1回目,1.861220,1.876450,1.874050,1.873080
2回目,1.862350,1.871700,1.877860,1.865900
3回目,1.850810,1.876920,1.875940,1.879840
4回目,1.843620,1.875000,1.870080,1.868730
5回目,1.865850,1.876920,1.872090,1.868420
6回目,1.869050,1.873560,1.870590,1.865380
7回目,1.858870,1.883020,1.867700,1.879840
8回目,1.843620,1.875000,1.865670,1.879840
9回目,1.843620,1.875970,1.869730,1.865380
10回目,1.869050,1.876450,1.871600,1.879840
11回目,1.862350,1.874050,1.875470,1.875000
12回目,1.865850,1.878330,1.868220,1.879840
13回目,1.862350,1.883020,1.874050,1.871210
14回目,1.862350,1.857140,1.875970,1.868420
15回目,1.858300,1.875970,1.853750,1.875490
16回目,1.861220,1.874050,1.871090,1.871210
17回目,1.866670,1.868730,1.868730,1.875490
18回目,1.865850,1.875970,1.859920,1.868220
19回目,1.850810,1.883020,1.866170,1.868420
20回目,1.850810,1.878790,1.866170,1.871210
21回目,1.858870,1.868730,1.856570,1.868220
22回目,1.858870,1.876450,1.871090,1.868420
23回目,1.850810,1.873560,1.853750,1.879840
24回目,1.850810,1.871700,1.856030,1.879840
25回目,1.861220,1.875970,1.855470,1.865380
26回目,1.858300,1.875970,1.878330,1.873080
27回目,1.861220,1.879250,1.875490,1.868730
28回目,1.865850,1.883020,1.876450,1.868420
29回目,1.861220,1.871700,1.872590,1.871210
30回目,1.858300,1.878790,1.869730,1.865380
31回目,1.843620,1.874050,1.854330,1.871210
32回目,1.861220,1.873560,1.866140,1.873080
33回目,1.865850,1.874050,1.868730,1.868730
34回目,1.858870,1.875970,1.881680,1.875000
35回目,1.866670,1.871700,1.871600,1.875000
36回目,1.868530,1.875000,1.870230,1.868220
37回目,1.843620,1.873610,1.870590,1.875000
38回目,1.861220,1.878330,1.870230,1.865900
39回目,1.865850,1.875000,1.866670,1.879840
40回目,1.861220,1.875970,1.879250,1.868730
41回目,1.858870,1.857140,1.870230,1.873080
42回目,1.865850,1.879250,1.874510,1.868220
43回目,1.858870,1.875000,1.872090,1.868420
44回目,1.861220,1.878330,1.862600,1.868730
45回目,1.869050,1.876450,1.853750,1.879840
46回目,1.858870,1.873560,1.871090,1.875000
47回目,1.869050,1.874050,1.875470,1.879840
48回目,1.866670,1.875000,1.880770,1.865380
49回目,1.869050,1.874050,1.869230,1.868220
50回目,1.869050,1.875000,1.871090,1.868420
51回目,1.862350,1.876450,1.859380,1.868220
52回目,1.865850,1.883020,1.873080,1.868730
53回目,1.858300,1.876450,1.854900,1.868730
54回目,1.858870,1.883020,1.861540,1.868220
55回目,1.868530,1.874520,1.871090,1.868220
56回目,1.858300,1.876450,1.867190,1.868420
57回目,1.868530,1.883020,1.874520,1.865380
58回目,1.862350,1.875970,1.872590,1.871210
59回目,1.862350,1.876450,1.857140,1.879840
60回目,1.862350,1.875000,1.871090,1.865380
61回目,1.868530,1.878330,1.870080,1.875490
62回目,1.861220,1.883020,1.855470,1.875490
63回目,1.843620,1.874050,1.871600,1.871210
64回目,1.869050,1.857140,1.872590,1.875000
65回目,1.862350,1.874520,1.853750,1.868420
66回目,1.868530,1.868730,1.860470,1.868220
67回目,1.850810,1.873560,1.867190,1.873080
68回目,1.869050,1.879250,1.870230,1.873080
69回目,1.861220,1.874020,1.861000,1.865380
70回目,1.868530,1.876920,1.873560,1.868220
71回目,1.861220,1.874050,1.872590,1.875490
72回目,1.843620,1.875970,1.854330,1.868420
73回目,1.868530,1.871700,1.872590,1.868730
74回目,1.868530,1.876920,1.871090,1.871210
75回目,1.843620,1.874050,1.872090,1.868420
76回目,1.850810,1.883020,1.872590,1.873080
77回目,1.868530,1.879250,1.868730,1.875000
78回目,1.868530,1.875000,1.870080,1.865380
79回目,1.862350,1.874050,1.858820,1.868730
80回目,1.861220,1.875000,1.868220,1.868730
81回目,1.858870,1.875970,1.872090,1.871210
82回目,1.865850,1.865080,1.874050,1.875490
83回目,1.862350,1.876450,1.865170,1.865900
84回目,1.866670,1.879250,1.856030,1.879840
85回目,1.868530,1.875970,1.854330,1.868730
86回目,1.869050,1.873560,1.854330,1.875490
87回目,1.858300,1.875970,1.870720,1.868220
88回目,1.862350,1.857140,1.870230,1.865900
89回目,1.868530,1.874050,1.882130,1.868220
90回目,1.866670,1.873560,1.854330,1.875490
91回目,1.843620,1.868730,1.853750,1.873080
92回目,1.862350,1.875970,1.882130,1.868420
93回目,1.858870,1.874050,1.871600,1.875490
94回目,1.858870,1.875970,1.868130,1.871210
95回目,1.865850,1.876450,1.852590,1.865900
96回目,1.858870,1.875000,1.872590,1.868220
97回目,1.850810,1.876450,1.856030,1.868420
98回目,1.861220,1.876450,1.869730,1.868730
99回目,1.850810,1.874050,1.866170,1.865380
100回目,1.865850,1.874050,1.866170,1.868220
101回目,1.858300,1.883020,1.871600,1.871210
102回目,1.862350,1.875000,1.870080,1.868220
103回目,1.858870,1.868730,1.871600,1.875000
104回目,1.861220,1.874050,1.866410,1.865380
105回目,1.850810,1.865080,1.864860,1.865900
106回目,1.858870,1.874050,1.875000,1.868220
107回目,1.862350,1.875000,1.871090,1.879840
108回目,1.869050,1.873560,1.859920,1.873080
109回目,1.869050,1.878330,1.862600,1.871210
110回目,1.866670,1.879250,1.870080,1.868420
111回目,1.868530,1.857140,1.874520,1.871210
112回目,1.858300,1.883020,1.873560,1.868730
113回目,1.862350,1.883020,1.875490,1.868220
114回目,1.865850,1.873560,1.872090,1.871210
115回目,1.869050,1.874050,1.872590,1.879840
116回目,1.862350,1.868730,1.869230,1.873080
117回目,1.861220,1.857140,1.863280,1.868220
118回目,1.850810,1.883020,1.863120,1.868220
119回目,1.862350,1.857140,1.871600,1.865900
120回目,1.868530,1.876450,1.873560,1.868220
121回目,1.861220,1.874050,1.882580,1.868420
122回目,1.850810,1.876920,1.854900,1.873080
123回目,1.862350,1.883020,1.871700,1.868220
124回目,1.868530,1.874050,1.876450,1.868730
125回目,1.850810,1.879250,1.858270,1.875000
126回目,1.868530,1.883020,1.871600,1.879840
127回目,1.862350,1.857140,1.856570,1.868220
128回目,1.868530,1.878330,1.866920,1.873080
129回目,1.868530,1.868730,1.860470,1.875490
130回目,1.865850,1.883020,1.872090,1.865380
131回目,1.865850,1.876920,1.853750,1.865380
132回目,1.843620,1.868730,1.876400,1.873080
133回目,1.850810,1.874050,1.855470,1.873080
134回目,1.858300,1.883020,1.870230,1.875000
135回目,1.850810,1.875970,1.875000,1.871210
136回目,1.861220,1.875000,1.871600,1.875000
137回目,1.869050,1.875970,1.870080,1.873080
138回目,1.858300,1.873560,1.876920,1.868220
139回目,1.866670,1.857140,1.876920,1.865380
140回目,1.866670,1.876920,1.876450,1.865900
141回目,1.858300,1.865080,1.872590,1.868220
142回目,1.866670,1.876450,1.864340,1.868220
143回目,1.843620,1.874520,1.857140,1.875490
144回目,1.862350,1.873560,1.876450,1.868730
145回目,1.865850,1.873610,1.876450,1.875490
146回目,1.861220,1.871700,1.868730,1.868420
147回目,1.862350,1.875970,1.870720,1.875000
148回目,1.865850,1.873560,1.869730,1.868730
149回目,1.865850,1.871700,1.859320,1.868220
150回目,1.861220,1.857140,1.870590,1.871210
151回目,1.858300,1.876920,1.864660,1.875490
152回目,1.862350,1.876920,1.875490,1.875000
153回目,1.861220,1.857140,1.870720,1.868730
154回目,1.858300,1.874050,1.856030,1.868220
155回目,1.866670,1.868730,1.864340,1.873080
156回目,1.869050,1.875000,1.873560,1.868220
157回目,1.843620,1.874050,1.881680,1.873080
158回目,1.843620,1.871700,1.876450,1.868730
159回目,1.843620,1.874050,1.866670,1.868730
160回目,1.858870,1.875970,1.871090,1.875490
161回目,1.858300,1.875000,1.869730,1.873080
162回目,1.866670,1.875970,1.872090,1.865380
163回目,1.861220,1.873610,1.878330,1.868220
164回目,1.843620,1.874050,1.872090,1.868220
165回目,1.861220,1.875000,1.872090,1.873080
166回目,1.865850,1.875970,1.872090,1.875490
167回目,1.865850,1.876450,1.872090,1.868220
168回目,1.861220,1.868730,1.871600,1.868420
169回目,1.861220,1.878790,1.867700,1.868220
170回目,1.861220,1.871700,1.872090,1.865380
171回目,1.868530,1.875970,1.873080,1.873080
172回目,1.862350,1.871700,1.877390,1.868220
173回目,1.843620,1.868730,1.876450,1.868420
174回目,1.869050,1.868730,1.870720,1.879840
175回目,1.858870,1.874050,1.872090,1.879840
176回目,1.862350,1.875000,1.874520,1.871210
177回目,1.858870,1.874050,1.877390,1.865900
178回目,1.868530,1.873560,1.866920,1.868220
179回目,1.866670,1.874050,1.863280,1.879840
180回目,1.843620,1.875000,1.871090,1.868420
181回目,1.866670,1.871700,1.870590,1.873080
182回目,1.858300,1.874050,1.877390,1.873080
183回目,1.858300,1.874050,1.878330,1.868220
184回目,1.861220,1.878330,1.873560,1.868220
185回目,1.868530,1.874020,1.862070,1.865900
186回目,1.861220,1.868730,1.870590,1.865900
187回目,1.858870,1.875970,1.873560,1.875490
188回目,1.862350,1.878330,1.870230,1.879840
189回目,1.858300,1.874050,1.855470,1.865380
190回目,1.858300,1.878330,1.870590,1.868220
191回目,1.868530,1.883020,1.878330,1.868730
192回目,1.858300,1.883020,1.857140,1.875490
193回目,1.850810,1.874050,1.871600,1.868220
194回目,1.861220,1.873560,1.852000,1.875490
195回目,1.868530,1.871700,1.872090,1.875000
196回目,1.861220,1.876920,1.861000,1.873080
197回目,1.869050,1.883020,1.870590,1.868730
198回目,1.861220,1.876450,1.866920,1.865380
199回目,1.869050,1.875970,1.875000,1.865900
200回目,1.862350,1.871700,1.872090,1.868220
201回目,1.868530,1.876920,1.867160,1.868730
202回目,1.868530,1.874050,1.872590,1.865900
203回目,1.861220,1.865080,1.870230,1.879840
204回目,1.865850,1.874520,1.876450,1.865900
205回目,1.868530,1.883020,1.854330,1.875000
206回目,1.861220,1.876920,1.853750,1.868220
207回目,1.858300,1.875000,1.854900,1.871210
208回目,1.858870,1.874050,1.871600,1.868220
209回目,1.843620,1.878330,1.876920,1.868420
210回目,1.869050,1.873560,1.866670,1.873080
211回目,1.861220,1.868730,1.868730,1.868220
212回目,1.858300,1.857140,1.870720,1.868420
213回目,1.861220,1.871700,1.872090,1.875490
214回目,1.865850,1.876920,1.853170,1.865900
215回目,1.850810,1.875970,1.855420,1.865900
216回目,1.862350,1.874050,1.871600,1.868420
217回目,1.861220,1.875000,1.873080,1.868420
218回目,1.869050,1.868730,1.866670,1.875000
219回目,1.869050,1.878330,1.871600,1.873080
220回目,1.862350,1.875000,1.871600,1.873080
221回目,1.862350,1.874050,1.866670,1.871210
222回目,1.850810,1.878330,1.857690,1.868420
223回目,1.868530,1.874050,1.869050,1.875490
224回目,1.858870,1.874050,1.853750,1.865380
225回目,1.858870,1.875970,1.860470,1.868730
226回目,1.861220,1.876920,1.874020,1.873080
227回目,1.866670,1.875000,1.872180,1.875490
228回目,1.858870,1.871700,1.861110,1.875490
229回目,1.850810,1.878330,1.878330,1.868220
230回目,1.869050,1.871700,1.879250,1.871210
231回目,1.866670,1.871700,1.871090,1.865900
232回目,1.869050,1.874050,1.862600,1.868420
233回目,1.843620,1.873610,1.871600,1.879840
234回目,1.868530,1.871700,1.877390,1.868220
235回目,1.861220,1.876450,1.871090,1.875000
236回目,1.865850,1.875970,1.854330,1.875000
237回目,1.869050,1.871700,1.877860,1.871210
238回目,1.843620,1.868730,1.873080,1.875490
239回目,1.861220,1.875000,1.866670,1.868220
240回目,1.866670,1.875970,1.866140,1.875490
241回目,1.850810,1.874050,1.854900,1.875490
242回目,1.865850,1.874520,1.878790,1.868730
243回目,1.869050,1.868730,1.874520,1.879840
244回目,1.862350,1.874050,1.865170,1.865380
245回目,1.861220,1.874050,1.872090,1.868420
246回目,1.866670,1.857140,1.872090,1.865900
247回目,1.865850,1.871700,1.852590,1.875490
248回目,1.861220,1.875000,1.870590,1.879840
249回目,1.858300,1.878330,1.856030,1.868220
250回目,1.861220,1.876920,1.877390,1.868220
