Memory,GPSR,NGPSR,NPGPSR,NDGPSR
1回目,84700.000000,85800.000000,560608.000000,285148.000000
2回目,84436.000000,85692.000000,560760.000000,285264.000000
3回目,84364.000000,85552.000000,560620.000000,285376.000000
4回目,84620.000000,85408.000000,560640.000000,284996.000000
5回目,84340.000000,85732.000000,560244.000000,285340.000000
6回目,84656.000000,85844.000000,560816.000000,285352.000000
7回目,84688.000000,85568.000000,560876.000000,284884.000000
8回目,84476.000000,85672.000000,560800.000000,285340.000000
9回目,84736.000000,85284.000000,560692.000000,285168.000000
10回目,84340.000000,85600.000000,560404.000000,284976.000000
11回目,84440.000000,85880.000000,560984.000000,284812.000000
12回目,84648.000000,85600.000000,560852.000000,284996.000000
13回目,84536.000000,85868.000000,561088.000000,285336.000000
14回目,84688.000000,85720.000000,560388.000000,285448.000000
15回目,84680.000000,85316.000000,560856.000000,285340.000000
16回目,84428.000000,85856.000000,560464.000000,284684.000000
17回目,84748.000000,85464.000000,560836.000000,285336.000000
18回目,84528.000000,85280.000000,560908.000000,284992.000000
19回目,84576.000000,85288.000000,560512.000000,285332.000000
20回目,84060.000000,85608.000000,560616.000000,285336.000000
21回目,84564.000000,85508.000000,560332.000000,285400.000000
22回目,84164.000000,85292.000000,560680.000000,285268.000000
23回目,84432.000000,85568.000000,560952.000000,284680.000000
24回目,84320.000000,85672.000000,560668.000000,284948.000000
25回目,84656.000000,85200.000000,560748.000000,285228.000000
26回目,84792.000000,85260.000000,560696.000000,285232.000000
27回目,84436.000000,85744.000000,560708.000000,285112.000000
28回目,84400.000000,85560.000000,560808.000000,285268.000000
29回目,84784.000000,85604.000000,560964.000000,285148.000000
30回目,84452.000000,85428.000000,560840.000000,284996.000000
31回目,84472.000000,85652.000000,560712.000000,285332.000000
32回目,84532.000000,85540.000000,561036.000000,285200.000000
33回目,84064.000000,85548.000000,560532.000000,285296.000000
34回目,84840.000000,85312.000000,560240.000000,284980.000000
35回目,84176.000000,85556.000000,560804.000000,285168.000000
36回目,84488.000000,85172.000000,560732.000000,285376.000000
37回目,84556.000000,85576.000000,560676.000000,285076.000000
38回目,84736.000000,85368.000000,561176.000000,285220.000000
39回目,84512.000000,85588.000000,560712.000000,285188.000000
40回目,84564.000000,85488.000000,560780.000000,285272.000000
41回目,84448.000000,85188.000000,560532.000000,285156.000000
42回目,84396.000000,85676.000000,560976.000000,285204.000000
43回目,84428.000000,85056.000000,561016.000000,285168.000000
44回目,84716.000000,85556.000000,560876.000000,285196.000000
45回目,84396.000000,85524.000000,561076.000000,285232.000000
46回目,84472.000000,85252.000000,560500.000000,285340.000000
47回目,84308.000000,85472.000000,560780.000000,285140.000000
48回目,84604.000000,85352.000000,560944.000000,285160.000000
49回目,84484.000000,85420.000000,560628.000000,285160.000000
50回目,84732.000000,85416.000000,560588.000000,285244.000000
51回目,84696.000000,85568.000000,560680.000000,285616.000000
52回目,84624.000000,85668.000000,560536.000000,285240.000000
53回目,84532.000000,85308.000000,560676.000000,284652.000000
54回目,84360.000000,85228.000000,560580.000000,285496.000000
55回目,84768.000000,85308.000000,560884.000000,284908.000000
56回目,84784.000000,85648.000000,560856.000000,285108.000000
57回目,84700.000000,85632.000000,560792.000000,285052.000000
58回目,84684.000000,85564.000000,560580.000000,284932.000000
59回目,84604.000000,85844.000000,560992.000000,285064.000000
60回目,84692.000000,85284.000000,561336.000000,284992.000000
61回目,84608.000000,85636.000000,560408.000000,284648.000000
62回目,84488.000000,85808.000000,560376.000000,285340.000000
63回目,84740.000000,85448.000000,560752.000000,285256.000000
64回目,84768.000000,85676.000000,560732.000000,285336.000000
65回目,84648.000000,85700.000000,560668.000000,285108.000000
66回目,84688.000000,85504.000000,561004.000000,285388.000000
67回目,84436.000000,85412.000000,560732.000000,285076.000000
68回目,84628.000000,85384.000000,560576.000000,285264.000000
69回目,84788.000000,85704.000000,560900.000000,284992.000000
70回目,84784.000000,85344.000000,560508.000000,285336.000000
71回目,84928.000000,85132.000000,560884.000000,285072.000000
72回目,84344.000000,85184.000000,560664.000000,285160.000000
73回目,84476.000000,85376.000000,561048.000000,284984.000000
74回目,84480.000000,85540.000000,560312.000000,285204.000000
75回目,84752.000000,85748.000000,560984.000000,285588.000000
76回目,84548.000000,85332.000000,560688.000000,285316.000000
77回目,84204.000000,85404.000000,560808.000000,285284.000000
78回目,84568.000000,85228.000000,561132.000000,285112.000000
79回目,84444.000000,85708.000000,560544.000000,285040.000000
80回目,84672.000000,85552.000000,561020.000000,285380.000000
81回目,84740.000000,85164.000000,560764.000000,285420.000000
82回目,84524.000000,85484.000000,560756.000000,285464.000000
83回目,84560.000000,85636.000000,560880.000000,285076.000000
84回目,84436.000000,85652.000000,560664.000000,284796.000000
85回目,84772.000000,85736.000000,561084.000000,285144.000000
86回目,84620.000000,85576.000000,560872.000000,285076.000000
87回目,84412.000000,85536.000000,561064.000000,285140.000000
88回目,84296.000000,85760.000000,561244.000000,285440.000000
89回目,84560.000000,85300.000000,560616.000000,285336.000000
90回目,84172.000000,85376.000000,560868.000000,285108.000000
91回目,84436.000000,85656.000000,560772.000000,285344.000000
92回目,84528.000000,85220.000000,560872.000000,285320.000000
93回目,84400.000000,85856.000000,560680.000000,285216.000000
94回目,84332.000000,85580.000000,560852.000000,284972.000000
95回目,84392.000000,85604.000000,560716.000000,285324.000000
96回目,84724.000000,85620.000000,560788.000000,285284.000000
97回目,84472.000000,85676.000000,560892.000000,285512.000000
98回目,84456.000000,85400.000000,561076.000000,285344.000000
99回目,84568.000000,85892.000000,560788.000000,284948.000000
100回目,84040.000000,85436.000000,560916.000000,285508.000000
101回目,84624.000000,85784.000000,561164.000000,285464.000000
102回目,84696.000000,85588.000000,560556.000000,284980.000000
103回目,84892.000000,85624.000000,561092.000000,285348.000000
104回目,84780.000000,85656.000000,560536.000000,285356.000000
105回目,84324.000000,85528.000000,561052.000000,285352.000000
106回目,84656.000000,85764.000000,560844.000000,285236.000000
107回目,84692.000000,85900.000000,560532.000000,284948.000000
108回目,84732.000000,85180.000000,560388.000000,285344.000000
109回目,84436.000000,85268.000000,560984.000000,285332.000000
110回目,84560.000000,85840.000000,560956.000000,285320.000000
111回目,84452.000000,85612.000000,560444.000000,285360.000000
112回目,84440.000000,85700.000000,561224.000000,285300.000000
113回目,84864.000000,85536.000000,561104.000000,285356.000000
114回目,84344.000000,85616.000000,560516.000000,285020.000000
115回目,84580.000000,85204.000000,560772.000000,285184.000000
116回目,84444.000000,85824.000000,561236.000000,285344.000000
117回目,84452.000000,85656.000000,560460.000000,285336.000000
118回目,84048.000000,85688.000000,560604.000000,285580.000000
119回目,84496.000000,85552.000000,560692.000000,285240.000000
120回目,84476.000000,85152.000000,560812.000000,285336.000000
121回目,84600.000000,85328.000000,560668.000000,285268.000000
122回目,84568.000000,85872.000000,560952.000000,284984.000000
123回目,84384.000000,85644.000000,560940.000000,285008.000000
124回目,84908.000000,85388.000000,560768.000000,285012.000000
125回目,84436.000000,85352.000000,560900.000000,285316.000000
126回目,84620.000000,85496.000000,561232.000000,284644.000000
127回目,84692.000000,85508.000000,560560.000000,285288.000000
128回目,84740.000000,85732.000000,560880.000000,284948.000000
129回目,84740.000000,85428.000000,560372.000000,285360.000000
130回目,84488.000000,85536.000000,560896.000000,285352.000000
131回目,84564.000000,85688.000000,560436.000000,285340.000000
132回目,84436.000000,85680.000000,560856.000000,285088.000000
133回目,84472.000000,85376.000000,560372.000000,284976.000000
134回目,84616.000000,85396.000000,560488.000000,285084.000000
135回目,84612.000000,85452.000000,560584.000000,284648.000000
136回目,84760.000000,85836.000000,561224.000000,284968.000000
137回目,84352.000000,85180.000000,560652.000000,285288.000000
138回目,84660.000000,85692.000000,560576.000000,285512.000000
139回目,84600.000000,85736.000000,560788.000000,285072.000000
140回目,84720.000000,85668.000000,560304.000000,285540.000000
141回目,84916.000000,85860.000000,560776.000000,285344.000000
142回目,84316.000000,85596.000000,560872.000000,285148.000000
143回目,84732.000000,85844.000000,560560.000000,284984.000000
144回目,84572.000000,85712.000000,561044.000000,285320.000000
145回目,84344.000000,85664.000000,560484.000000,285360.000000
146回目,84480.000000,85896.000000,560644.000000,285328.000000
147回目,84892.000000,85588.000000,560956.000000,284680.000000
148回目,84632.000000,85684.000000,560880.000000,284684.000000
149回目,84760.000000,85384.000000,560528.000000,285456.000000
150回目,84556.000000,85336.000000,561268.000000,285072.000000
151回目,84608.000000,85764.000000,560232.000000,285368.000000
152回目,84532.000000,85760.000000,561112.000000,285284.000000
153回目,84688.000000,85228.000000,560736.000000,285088.000000
154回目,84864.000000,85632.000000,560896.000000,285100.000000
155回目,84224.000000,85544.000000,560944.000000,285320.000000
156回目,84072.000000,85760.000000,561152.000000,285164.000000
157回目,84628.000000,85692.000000,560744.000000,285100.000000
158回目,84412.000000,85692.000000,560652.000000,285332.000000
159回目,84320.000000,85592.000000,560176.000000,285352.000000
160回目,84160.000000,85460.000000,560740.000000,284944.000000
161回目,84480.000000,85304.000000,560816.000000,285204.000000
162回目,84440.000000,85692.000000,560356.000000,285508.000000
163回目,84664.000000,85280.000000,560504.000000,285468.000000
164回目,84660.000000,85324.000000,560952.000000,285140.000000
165回目,84768.000000,85224.000000,560840.000000,285204.000000
166回目,84348.000000,85752.000000,560484.000000,284944.000000
167回目,84636.000000,85564.000000,560396.000000,284656.000000
168回目,84288.000000,85356.000000,560724.000000,285596.000000
169回目,84560.000000,85160.000000,560844.000000,285508.000000
170回目,84868.000000,85252.000000,560676.000000,285332.000000
171回目,84460.000000,85180.000000,560372.000000,285440.000000
172回目,84752.000000,85428.000000,560424.000000,285528.000000
173回目,84320.000000,85704.000000,560812.000000,285308.000000
174回目,84400.000000,85880.000000,561168.000000,285124.000000
175回目,84868.000000,85496.000000,560356.000000,285172.000000
176回目,84468.000000,85540.000000,560912.000000,285340.000000
177回目,84612.000000,85572.000000,560436.000000,285320.000000
178回目,84784.000000,85596.000000,560804.000000,285244.000000
179回目,84588.000000,85360.000000,560852.000000,285008.000000
180回目,84228.000000,85616.000000,560568.000000,285152.000000
181回目,84776.000000,85272.000000,560456.000000,285368.000000
182回目,84580.000000,85608.000000,560616.000000,285184.000000
183回目,84912.000000,85652.000000,560956.000000,284660.000000
184回目,84172.000000,85904.000000,560452.000000,285188.000000
185回目,84188.000000,85560.000000,560788.000000,285284.000000
186回目,84476.000000,85636.000000,560712.000000,285156.000000
187回目,84752.000000,85652.000000,560612.000000,285112.000000
188回目,84464.000000,85664.000000,561144.000000,285176.000000
189回目,84876.000000,85672.000000,560744.000000,285228.000000
190回目,84880.000000,85320.000000,560672.000000,285112.000000
191回目,84700.000000,85864.000000,561000.000000,284916.000000
192回目,84676.000000,85164.000000,560408.000000,284996.000000
193回目,84768.000000,85568.000000,560628.000000,285108.000000
194回目,84504.000000,85780.000000,561152.000000,285300.000000
195回目,84200.000000,85532.000000,560624.000000,285148.000000
196回目,84916.000000,85896.000000,560656.000000,285152.000000
197回目,84400.000000,85700.000000,560796.000000,285576.000000
198回目,84196.000000,85444.000000,560652.000000,284652.000000
199回目,84220.000000,85252.000000,560504.000000,285212.000000
200回目,84356.000000,85700.000000,560632.000000,285072.000000
201回目,84524.000000,85720.000000,561032.000000,284936.000000
202回目,84916.000000,85728.000000,560848.000000,285484.000000
203回目,84160.000000,85464.000000,560936.000000,285236.000000
204回目,84056.000000,85748.000000,560552.000000,285428.000000
205回目,84716.000000,85240.000000,560780.000000,285160.000000
206回目,84344.000000,85616.000000,560820.000000,284684.000000
207回目,84908.000000,85472.000000,560488.000000,285360.000000
208回目,84880.000000,85760.000000,561076.000000,285092.000000
209回目,84584.000000,85348.000000,560680.000000,285476.000000
210回目,84336.000000,85464.000000,560876.000000,285316.000000
211回目,84512.000000,85228.000000,560800.000000,284992.000000
212回目,84756.000000,85564.000000,560808.000000,285516.000000
213回目,84748.000000,85792.000000,560596.000000,285012.000000
214回目,84780.000000,85800.000000,560896.000000,285464.000000
215回目,84652.000000,85280.000000,560672.000000,284992.000000
216回目,84868.000000,85276.000000,560536.000000,285136.000000
217回目,84432.000000,85672.000000,561048.000000,284820.000000
218回目,84724.000000,85872.000000,560824.000000,285360.000000
219回目,84784.000000,85884.000000,560944.000000,285316.000000
220回目,84684.000000,85588.000000,560712.000000,285140.000000
221回目,84728.000000,85648.000000,560764.000000,285012.000000
222回目,84732.000000,85288.000000,560760.000000,284812.000000
223回目,84352.000000,85608.000000,560800.000000,285444.000000
224回目,84492.000000,85428.000000,560840.000000,285108.000000
225回目,84720.000000,85260.000000,560468.000000,285300.000000
226回目,84548.000000,85728.000000,560728.000000,285160.000000
227回目,84376.000000,85760.000000,560848.000000,285076.000000
228回目,84504.000000,85716.000000,560980.000000,284992.000000
229回目,84736.000000,85304.000000,560904.000000,285072.000000
230回目,84548.000000,85264.000000,560612.000000,285160.000000
231回目,84668.000000,85428.000000,560696.000000,285356.000000
232回目,84344.000000,85668.000000,560892.000000,285332.000000
233回目,84480.000000,85408.000000,560976.000000,285332.000000
234回目,84476.000000,85748.000000,560952.000000,285332.000000
235回目,84464.000000,85700.000000,560404.000000,285108.000000
236回目,84332.000000,85668.000000,560824.000000,285148.000000
237回目,84312.000000,85472.000000,560836.000000,285172.000000
238回目,84492.000000,85112.000000,560924.000000,285480.000000
239回目,84596.000000,85336.000000,560632.000000,284680.000000
240回目,84572.000000,85244.000000,560660.000000,285372.000000
241回目,84772.000000,85656.000000,560512.000000,285328.000000
242回目,84640.000000,85592.000000,560792.000000,285152.000000
243回目,84572.000000,85304.000000,560544.000000,285208.000000
244回目,84776.000000,85528.000000,560684.000000,285360.000000
245回目,84192.000000,85612.000000,560808.000000,285256.000000
246回目,84304.000000,85644.000000,560912.000000,284912.000000
247回目,84304.000000,85768.000000,560888.000000,285376.000000
248回目,84444.000000,85536.000000,560604.000000,284976.000000
249回目,84364.000000,85712.000000,560772.000000,285500.000000
250回目,84456.000000,85620.000000,560480.000000,285156.000000
