Overhead,GPSR,NGPSR,NPGPSR,NDGPSR
1回目,5223126.000000,13966379.000000,12299124.000000,12302647.000000
2回目,5258782.000000,13825273.000000,12300646.000000,12284897.000000
3回目,5226748.000000,13834275.000000,12286730.000000,12312823.000000
4回目,5231356.000000,13994086.000000,12329854.000000,12295703.000000
5回目,5263474.000000,13834275.000000,12304278.000000,12253477.000000
6回目,5235236.000000,13913766.000000,12336162.000000,12298905.000000
7回目,5225164.000000,13929625.000000,12302892.000000,12312823.000000
8回目,5231356.000000,13850671.000000,12315564.000000,12312823.000000
9回目,5231356.000000,13918488.000000,12292452.000000,12298905.000000
10回目,5235236.000000,13966379.000000,12310672.000000,12312823.000000
11回目,5258782.000000,14019618.000000,12295402.000000,12280057.000000
12回目,5263474.000000,14057865.000000,12343970.000000,12312823.000000
13回目,5258782.000000,13985176.000000,12304850.000000,12262175.000000
14回目,5258782.000000,13982727.000000,12311728.000000,12253477.000000
15回目,5257928.000000,14029590.000000,12333414.000000,12284045.000000
16回目,5236662.000000,13982778.000000,12333172.000000,12262175.000000
17回目,5225230.000000,13921084.000000,12302984.000000,12284045.000000
18回目,5263474.000000,13974039.000000,12344214.000000,12295547.000000
19回目,5226748.000000,13929625.000000,12314534.000000,12253477.000000
20回目,5226748.000000,13824613.000000,12314534.000000,12262175.000000
21回目,5225164.000000,13921084.000000,12333318.000000,12294557.000000
22回目,5225164.000000,13910828.000000,12331752.000000,12253477.000000
23回目,5226748.000000,13969317.000000,12333414.000000,12312823.000000
24回目,5226748.000000,13893192.000000,12290814.000000,12312823.000000
25回目,5236662.000000,13974039.000000,12303340.000000,12298905.000000
26回目,5257928.000000,14029590.000000,12287758.000000,12302647.000000
27回目,5223126.000000,13830317.000000,12317542.000000,12295703.000000
28回目,5263474.000000,13874074.000000,12316994.000000,12253477.000000
29回目,5223126.000000,13825273.000000,12299344.000000,12262175.000000
30回目,5257928.000000,13824613.000000,12267224.000000,12298905.000000
31回目,5231356.000000,13871676.000000,12330978.000000,12262175.000000
32回目,5223126.000000,13913766.000000,12337392.000000,12302647.000000
33回目,5263474.000000,13927227.000000,12292838.000000,12295703.000000
34回目,5225164.000000,13918488.000000,12322044.000000,12280057.000000
35回目,5225230.000000,13948743.000000,12386352.000000,12280057.000000
36回目,5226268.000000,13850671.000000,12310318.000000,12294557.000000
37回目,5231356.000000,13804531.000000,12349092.000000,12280057.000000
38回目,5223126.000000,13891212.000000,12327882.000000,12284897.000000
39回目,5263474.000000,13938535.000000,12279110.000000,12312823.000000
40回目,5223126.000000,13918488.000000,12305132.000000,12295703.000000
41回目,5225164.000000,13927176.000000,12326524.000000,12302647.000000
42回目,5263474.000000,13830317.000000,12316962.000000,12295547.000000
43回目,5225164.000000,13882984.000000,12315720.000000,12253477.000000
44回目,5223126.000000,13891212.000000,12327620.000000,12295703.000000
45回目,5235236.000000,13966379.000000,12337424.000000,12312823.000000
46回目,5225164.000000,13913766.000000,12329550.000000,12280057.000000
47回目,5235236.000000,13871676.000000,12292580.000000,12312823.000000
48回目,5225230.000000,13938535.000000,12303466.000000,12298905.000000
49回目,5235236.000000,13820417.000000,12331290.000000,12294557.000000
50回目,5235236.000000,13938535.000000,12318814.000000,12253477.000000
51回目,5258782.000000,13910828.000000,12307470.000000,12294557.000000
52回目,5263474.000000,13874074.000000,12317388.000000,12295703.000000
53回目,5257928.000000,13910828.000000,12341998.000000,12295703.000000
54回目,5225164.000000,13929625.000000,12322756.000000,12294557.000000
55回目,5226268.000000,13826843.000000,12320100.000000,12295547.000000
56回目,5257928.000000,13910828.000000,12331576.000000,12253477.000000
57回目,5226268.000000,13874074.000000,12285616.000000,12298905.000000
58回目,5258782.000000,13918488.000000,12308532.000000,12262175.000000
59回目,5258782.000000,13966379.000000,12341696.000000,12312823.000000
60回目,5258782.000000,13938535.000000,12310464.000000,12298905.000000
61回目,5226268.000000,13946763.000000,12307490.000000,12284045.000000
62回目,5223126.000000,13874074.000000,12294370.000000,12284045.000000
63回目,5231356.000000,13927227.000000,12310522.000000,12262175.000000
64回目,5235236.000000,13927176.000000,12303380.000000,12280057.000000
65回目,5258782.000000,13826843.000000,12320258.000000,12253477.000000
66回目,5226268.000000,14032186.000000,12301756.000000,12294557.000000
67回目,5226748.000000,13913766.000000,12311422.000000,12302647.000000
68回目,5235236.000000,13830317.000000,12269354.000000,12302647.000000
69回目,5223126.000000,13886795.000000,12330434.000000,12298905.000000
70回目,5226268.000000,13843343.000000,12303238.000000,12294557.000000
71回目,5236662.000000,13820417.000000,12297122.000000,12284045.000000
72回目,5231356.000000,13974039.000000,12338730.000000,12253477.000000
73回目,5226268.000000,13948743.000000,12299130.000000,12295703.000000
74回目,5226268.000000,13834275.000000,12328352.000000,12262175.000000
75回目,5231356.000000,13871676.000000,12303320.000000,12253477.000000
76回目,5226748.000000,13929625.000000,12308600.000000,12302647.000000
77回目,5226268.000000,13830317.000000,12345878.000000,12280057.000000
78回目,5226268.000000,13882984.000000,12391778.000000,12298905.000000
79回目,5258782.000000,13820417.000000,12327288.000000,12295703.000000
80回目,5236662.000000,13938535.000000,12324244.000000,12295703.000000
81回目,5225164.000000,13918488.000000,12315804.000000,12262175.000000
82回目,5263474.000000,13852923.000000,12285914.000000,12284045.000000
83回目,5258782.000000,13910828.000000,12301744.000000,12284897.000000
84回目,5225230.000000,13830317.000000,12309426.000000,12312823.000000
85回目,5226268.000000,13918488.000000,12326246.000000,12295703.000000
86回目,5235236.000000,13913766.000000,12347002.000000,12284045.000000
87回目,5257928.000000,13918488.000000,12278836.000000,12294557.000000
88回目,5258782.000000,13927176.000000,12329968.000000,12284897.000000
89回目,5226268.000000,13927227.000000,12279572.000000,12294557.000000
90回目,5225230.000000,14024868.000000,12326182.000000,12284045.000000
91回目,5231356.000000,13921084.000000,12330750.000000,12302647.000000
92回目,5258782.000000,13974039.000000,12298190.000000,12253477.000000
93回目,5225164.000000,13820417.000000,12305208.000000,12284045.000000
94回目,5225164.000000,13918488.000000,12276854.000000,12262175.000000
95回目,5263474.000000,13910828.000000,12313808.000000,12284897.000000
96回目,5225164.000000,13882984.000000,12299034.000000,12295547.000000
97回目,5226748.000000,14021930.000000,12291684.000000,12253477.000000
98回目,5223126.000000,14021930.000000,12324272.000000,12295703.000000
99回目,5226748.000000,13964067.000000,12314598.000000,12298905.000000
100回目,5263474.000000,13820417.000000,12301762.000000,12294557.000000
101回目,5257928.000000,13874074.000000,12334690.000000,12262175.000000
102回目,5258782.000000,13938535.000000,12345230.000000,12295547.000000
103回目,5225164.000000,13976635.000000,12323958.000000,12280057.000000
104回目,5236662.000000,13927227.000000,12321022.000000,12298905.000000
105回目,5226748.000000,13852923.000000,12313212.000000,12284897.000000
106回目,5225164.000000,13908516.000000,12328868.000000,12294557.000000
107回目,5258782.000000,13882984.000000,12327268.000000,12312823.000000
108回目,5235236.000000,14024868.000000,12314802.000000,12302647.000000
109回目,5235236.000000,13891212.000000,12283308.000000,12262175.000000
110回目,5225230.000000,13830317.000000,12351262.000000,12253477.000000
111回目,5226268.000000,13982727.000000,12333778.000000,12262175.000000
112回目,5257928.000000,13874074.000000,12299022.000000,12295703.000000
113回目,5258782.000000,13874074.000000,12319654.000000,12295547.000000
114回目,5263474.000000,13913766.000000,12303468.000000,12262175.000000
115回目,5235236.000000,13964067.000000,12307070.000000,12312823.000000
116回目,5258782.000000,13976635.000000,12318694.000000,12302647.000000
117回目,5236662.000000,13927176.000000,12291546.000000,12294557.000000
118回目,5226748.000000,13985176.000000,12311472.000000,12294557.000000
119回目,5258782.000000,13927176.000000,12336076.000000,12284897.000000
120回目,5226268.000000,13910828.000000,12328308.000000,12294557.000000
121回目,5236662.000000,13927227.000000,12289362.000000,12253477.000000
122回目,5226748.000000,13843343.000000,12327944.000000,12302647.000000
123回目,5258782.000000,13874074.000000,12303086.000000,12295547.000000
124回目,5226268.000000,13871676.000000,12315814.000000,12295703.000000
125回目,5226748.000000,13830317.000000,12313044.000000,12280057.000000
126回目,5226268.000000,13929625.000000,12312698.000000,12312823.000000
127回目,5258782.000000,13982727.000000,12317194.000000,12295547.000000
128回目,5226268.000000,13891212.000000,12271746.000000,12302647.000000
129回目,5226268.000000,13921084.000000,12323426.000000,12284045.000000
130回目,5263474.000000,13929625.000000,12298796.000000,12298905.000000
131回目,5263474.000000,13843343.000000,12330908.000000,12298905.000000
132回目,5231356.000000,14032186.000000,12297330.000000,12302647.000000
133回目,5226748.000000,13964067.000000,12297156.000000,12302647.000000
134回目,5257928.000000,14040727.000000,12307306.000000,12280057.000000
135回目,5226748.000000,13918488.000000,12399776.000000,12262175.000000
136回目,5236662.000000,13850671.000000,12296968.000000,12280057.000000
137回目,5235236.000000,13974039.000000,12324952.000000,12302647.000000
138回目,5257928.000000,13969317.000000,12301366.000000,12294557.000000
139回目,5225230.000000,13982727.000000,12286868.000000,12298905.000000
140回目,5225230.000000,13843343.000000,12308220.000000,12284897.000000
141回目,5257928.000000,13852923.000000,12305308.000000,12295547.000000
142回目,5225230.000000,13966379.000000,12309212.000000,12294557.000000
143回目,5231356.000000,13771292.000000,12316376.000000,12284045.000000
144回目,5258782.000000,13913766.000000,12313352.000000,12295703.000000
145回目,5263474.000000,13804531.000000,12314464.000000,12284045.000000
146回目,5236662.000000,13893192.000000,12320508.000000,12253477.000000
147回目,5258782.000000,13974039.000000,12300230.000000,12280057.000000
148回目,5263474.000000,13913766.000000,12324702.000000,12295703.000000
149回目,5263474.000000,13825273.000000,12261290.000000,12294557.000000
150回目,5236662.000000,13927176.000000,12291520.000000,12262175.000000
151回目,5257928.000000,13834275.000000,12318104.000000,12284045.000000
152回目,5258782.000000,13843343.000000,12312936.000000,12280057.000000
153回目,5223126.000000,13927176.000000,12313450.000000,12295703.000000
154回目,5257928.000000,13908516.000000,12296624.000000,12294557.000000
155回目,5225230.000000,13921084.000000,12377362.000000,12302647.000000
156回目,5235236.000000,13850671.000000,12293552.000000,12294557.000000
157回目,5231356.000000,13820417.000000,12305242.000000,12302647.000000
158回目,5231356.000000,14004294.000000,12313334.000000,12295703.000000
159回目,5231356.000000,13964067.000000,12296362.000000,12295703.000000
160回目,5225164.000000,13974039.000000,12329170.000000,12284045.000000
161回目,5257928.000000,13994086.000000,12324702.000000,12302647.000000
162回目,5225230.000000,13974039.000000,12320780.000000,12298905.000000
163回目,5223126.000000,13804531.000000,12317406.000000,12295547.000000
164回目,5231356.000000,13820417.000000,12315088.000000,12295547.000000
165回目,5223126.000000,13994086.000000,12301038.000000,12302647.000000
166回目,5263474.000000,13974039.000000,12316810.000000,12284045.000000
167回目,5263474.000000,13910828.000000,12307112.000000,12295547.000000
168回目,5236662.000000,13921084.000000,12332394.000000,12253477.000000
169回目,5236662.000000,13824613.000000,12338180.000000,12294557.000000
170回目,5236662.000000,14004294.000000,12304866.000000,12298905.000000
171回目,5226268.000000,14029590.000000,12288370.000000,12302647.000000
172回目,5258782.000000,13825273.000000,12302888.000000,12294557.000000
173回目,5231356.000000,13921084.000000,12292700.000000,12253477.000000
174回目,5235236.000000,13921084.000000,12313228.000000,12312823.000000
175回目,5225164.000000,13908516.000000,12311958.000000,12312823.000000
176回目,5258782.000000,13882984.000000,12370524.000000,12262175.000000
177回目,5225164.000000,13927227.000000,12300324.000000,12284897.000000
178回目,5226268.000000,13913766.000000,12298216.000000,12294557.000000
179回目,5225230.000000,13908516.000000,12317692.000000,12312823.000000
180回目,5231356.000000,13938535.000000,12318644.000000,12253477.000000
181回目,5225230.000000,13948743.000000,12325860.000000,12302647.000000
182回目,5257928.000000,13871676.000000,12300324.000000,12302647.000000
183回目,5257928.000000,13908516.000000,12306356.000000,12295547.000000
184回目,5223126.000000,13946763.000000,12345664.000000,12295547.000000
185回目,5226268.000000,13886795.000000,12303644.000000,12284897.000000
186回目,5236662.000000,13921084.000000,12337446.000000,12284897.000000
187回目,5225164.000000,13974039.000000,12309302.000000,12284045.000000
188回目,5258782.000000,13891212.000000,12321150.000000,12312823.000000
189回目,5257928.000000,13964067.000000,12325452.000000,12298905.000000
190回目,5257928.000000,13946763.000000,12313182.000000,12294557.000000
191回目,5226268.000000,13874074.000000,12293946.000000,12295703.000000
192回目,5257928.000000,13874074.000000,12330808.000000,12284045.000000
193回目,5226748.000000,13927227.000000,12370682.000000,12295547.000000
194回目,5223126.000000,13969317.000000,12361376.000000,12284045.000000
195回目,5226268.000000,13825273.000000,12310752.000000,12280057.000000
196回目,5223126.000000,13843343.000000,12315214.000000,12302647.000000
197回目,5235236.000000,13985176.000000,12326166.000000,12295703.000000
198回目,5236662.000000,13910828.000000,12279874.000000,12298905.000000
199回目,5235236.000000,13974039.000000,12322546.000000,12284897.000000
200回目,5258782.000000,13893192.000000,12311840.000000,12294557.000000
201回目,5226268.000000,13843343.000000,12272870.000000,12295703.000000
202回目,5226268.000000,13871676.000000,12304214.000000,12284897.000000
203回目,5236662.000000,13852923.000000,12294028.000000,12312823.000000
204回目,5263474.000000,13826843.000000,12313174.000000,12284897.000000
205回目,5226268.000000,13874074.000000,12329044.000000,12280057.000000
206回目,5236662.000000,13834275.000000,12333414.000000,12295547.000000
207回目,5257928.000000,13938535.000000,12324746.000000,12262175.000000
208回目,5225164.000000,13964067.000000,12322414.000000,12294557.000000
209回目,5231356.000000,13891212.000000,12304502.000000,12253477.000000
210回目,5235236.000000,13913766.000000,12306446.000000,12302647.000000
211回目,5223126.000000,13976635.000000,12333794.000000,12295547.000000
212回目,5257928.000000,13927176.000000,12304006.000000,12253477.000000
213回目,5236662.000000,13893192.000000,12298014.000000,12284045.000000
214回目,5263474.000000,13843343.000000,12338876.000000,12284897.000000
215回目,5226748.000000,13974039.000000,12341194.000000,12284897.000000
216回目,5258782.000000,13908516.000000,12322984.000000,12253477.000000
217回目,5236662.000000,13882984.000000,12314960.000000,12253477.000000
218回目,5235236.000000,13921084.000000,12299018.000000,12280057.000000
219回目,5235236.000000,13891212.000000,12311152.000000,12302647.000000
220回目,5258782.000000,13938535.000000,12302310.000000,12302647.000000
221回目,5258782.000000,13908516.000000,12303674.000000,12262175.000000
222回目,5226748.000000,13946763.000000,12273356.000000,12253477.000000
223回目,5226268.000000,13908516.000000,12328466.000000,12284045.000000
224回目,5225164.000000,13908516.000000,12337696.000000,12298905.000000
225回目,5225164.000000,13918488.000000,12315028.000000,12295703.000000
226回目,5223126.000000,13834275.000000,12312688.000000,12302647.000000
227回目,5225230.000000,13850671.000000,12320922.000000,12284045.000000
228回目,5225164.000000,13825273.000000,12344746.000000,12284045.000000
229回目,5226748.000000,13891212.000000,12297682.000000,12295547.000000
230回目,5235236.000000,13893192.000000,12301814.000000,12262175.000000
231回目,5225230.000000,13948743.000000,12328346.000000,12284897.000000
232回目,5235236.000000,13927227.000000,12315570.000000,12253477.000000
233回目,5231356.000000,13804531.000000,12323650.000000,12312823.000000
234回目,5226268.000000,13825273.000000,12297342.000000,12294557.000000
235回目,5223126.000000,13966379.000000,12316048.000000,12280057.000000
236回目,5263474.000000,13918488.000000,12310914.000000,12280057.000000
237回目,5235236.000000,13948743.000000,12276994.000000,12262175.000000
238回目,5231356.000000,14032186.000000,12289982.000000,12284045.000000
239回目,5236662.000000,13882984.000000,12306348.000000,12295547.000000
240回目,5225230.000000,13918488.000000,12339316.000000,12284045.000000
241回目,5226748.000000,13871676.000000,12318084.000000,12284045.000000
242回目,5263474.000000,13826843.000000,12312144.000000,12295703.000000
243回目,5235236.000000,13976635.000000,12304450.000000,12312823.000000
244回目,5258782.000000,13820417.000000,12326570.000000,12298905.000000
245回目,5236662.000000,13982778.000000,12310044.000000,12253477.000000
246回目,5225230.000000,13927176.000000,12302592.000000,12284897.000000
247回目,5263474.000000,13893192.000000,12403278.000000,12284045.000000
248回目,5223126.000000,13882984.000000,12333804.000000,12312823.000000
249回目,5257928.000000,13946763.000000,12295636.000000,12294557.000000
250回目,5223126.000000,13843343.000000,12280286.000000,12295547.000000
