PDR,GPSR,NGPSR,NPGPSR,NDGPSR
1回目,82.214800,86.912800,87.919500,87.248300
2回目,82.885900,88.926200,87.919500,87.583900
3回目,83.221500,87.248300,89.261700,86.577200
4回目,81.543600,88.590600,85.234900,86.912800
5回目,82.550300,87.248300,86.577200,89.261700
6回目,84.563800,87.583900,85.570500,87.248300
7回目,83.501700,88.926200,86.241600,86.577200
8回目,81.543600,88.590600,89.932900,86.577200
9回目,81.543600,86.577200,87.583900,87.248300
10回目,84.563800,86.912800,86.241600,86.577200
11回目,82.885900,87.919500,88.926200,88.590600
12回目,82.550300,88.255000,86.577200,86.577200
13回目,82.885900,88.926200,88.215500,88.888900
14回目,82.885900,87.205400,86.577200,89.261700
15回目,82.885900,86.577200,84.899300,86.241600
16回目,82.214800,87.919500,85.906000,88.888900
17回目,85.570500,86.912800,87.205400,86.241600
18回目,82.550300,86.577200,86.241600,86.577200
19回目,83.221500,88.926200,90.268500,89.261700
20回目,83.221500,88.590600,90.268500,88.888900
21回目,83.501700,86.912800,84.228200,86.577200
22回目,83.501700,86.912800,85.906000,89.261700
23回目,83.221500,87.583900,84.899300,86.577200
24回目,83.221500,88.926200,86.241600,86.577200
25回目,82.214800,86.577200,85.906000,87.248300
26回目,82.885900,86.577200,88.255000,87.248300
27回目,82.214800,88.926200,86.241600,86.912800
28回目,82.550300,88.926200,86.910600,89.261700
29回目,82.214800,88.926200,86.912800,88.888900
30回目,82.885900,88.590600,87.878800,87.248300
31回目,81.543600,87.919500,85.234900,88.888900
32回目,82.214800,87.583900,85.234900,87.248300
33回目,82.550300,87.919500,86.912800,86.912800
34回目,83.501700,86.577200,87.919500,88.590600
35回目,85.570500,88.926200,86.241600,88.590600
36回目,84.228200,88.590600,87.919500,86.577200
37回目,81.543600,90.268500,85.570500,88.590600
38回目,82.214800,88.255000,87.919500,87.583900
39回目,82.550300,88.590600,90.604000,86.577200
40回目,82.214800,86.577200,88.926200,86.912800
41回目,83.501700,87.205400,87.919500,87.248300
42回目,82.550300,88.926200,85.570500,86.577200
43回目,83.501700,88.590600,86.577200,89.261700
44回目,82.214800,88.255000,87.919500,86.912800
45回目,84.563800,86.912800,84.899300,86.577200
46回目,83.501700,87.583900,85.906000,88.590600
47回目,84.563800,87.919500,88.926200,86.577200
48回目,85.570500,88.590600,87.248300,87.248300
49回目,84.563800,87.919500,87.248300,86.577200
50回目,84.563800,88.590600,85.906000,89.261700
51回目,82.885900,86.912800,85.906000,86.577200
52回目,82.550300,88.926200,87.248300,86.912800
53回目,82.885900,86.912800,85.570500,86.912800
54回目,83.501700,88.926200,87.248300,86.577200
55回目,84.228200,88.255000,85.906000,86.577200
56回目,82.885900,86.912800,86.195300,89.261700
57回目,84.228200,88.926200,88.552200,87.248300
58回目,82.885900,86.577200,86.912800,88.888900
59回目,82.885900,86.912800,84.563800,86.577200
60回目,82.885900,88.590600,85.906000,87.248300
61回目,84.228200,88.255000,85.234900,86.241600
62回目,82.214800,88.926200,85.906000,86.241600
63回目,81.543600,87.919500,86.241600,88.888900
64回目,84.563800,87.205400,86.912800,88.590600
65回目,82.885900,88.255000,84.899300,89.261700
66回目,84.228200,86.912800,86.577200,86.577200
67回目,83.221500,87.583900,85.906000,87.248300
68回目,84.563800,88.926200,88.215500,87.248300
69回目,82.214800,85.234900,86.912800,87.248300
70回目,84.228200,87.248300,87.583900,86.577200
71回目,82.214800,87.919500,86.912800,86.241600
72回目,81.543600,86.577200,85.234900,89.261700
73回目,84.228200,88.926200,86.912800,86.912800
74回目,84.228200,87.248300,85.906000,88.888900
75回目,81.543600,87.919500,86.577200,89.261700
76回目,83.221500,88.926200,86.912800,87.248300
77回目,84.228200,88.926200,86.912800,88.590600
78回目,84.228200,88.590600,85.234900,87.248300
79回目,82.885900,87.919500,85.570500,86.912800
80回目,82.214800,88.590600,86.577200,86.912800
81回目,83.501700,86.577200,86.577200,88.888900
82回目,82.550300,84.848500,87.919500,86.241600
83回目,82.885900,86.912800,89.597300,87.583900
84回目,85.570500,88.926200,86.241600,86.577200
85回目,84.228200,86.577200,85.234900,86.912800
86回目,84.563800,87.583900,85.234900,86.241600
87回目,82.885900,86.577200,88.255000,86.577200
88回目,82.885900,87.205400,87.919500,87.583900
89回目,84.228200,87.919500,88.255000,86.577200
90回目,85.570500,87.583900,85.234900,86.241600
91回目,81.543600,86.912800,84.899300,87.248300
92回目,82.885900,86.577200,88.255000,89.261700
93回目,83.501700,87.919500,86.241600,86.241600
94回目,83.501700,86.577200,91.610700,88.888900
95回目,82.550300,86.912800,84.228200,87.583900
96回目,83.501700,88.590600,86.912800,86.577200
97回目,83.221500,86.912800,86.241600,89.261700
98回目,82.214800,86.912800,87.583900,86.912800
99回目,83.221500,87.919500,90.268500,87.248300
100回目,82.550300,87.919500,90.268500,86.577200
101回目,82.885900,88.926200,86.241600,88.888900
102回目,82.885900,88.590600,85.234900,86.577200
103回目,83.501700,86.912800,86.241600,88.590600
104回目,82.214800,87.919500,87.919500,87.248300
105回目,83.221500,84.848500,86.912800,87.583900
106回目,83.501700,87.919500,85.906000,86.577200
107回目,82.885900,88.590600,85.906000,86.577200
108回目,84.563800,87.583900,86.241600,87.248300
109回目,84.563800,88.255000,87.919500,88.888900
110回目,85.570500,88.926200,85.234900,89.261700
111回目,84.228200,87.205400,88.255000,88.888900
112回目,82.885900,88.926200,87.583900,86.912800
113回目,82.885900,88.926200,86.241600,86.577200
114回目,82.550300,87.583900,86.577200,88.888900
115回目,84.563800,87.919500,86.912800,86.577200
116回目,82.885900,86.912800,87.248300,87.248300
117回目,82.214800,87.205400,85.906000,86.577200
118回目,83.221500,88.926200,88.255000,86.577200
119回目,82.885900,87.205400,86.241600,87.583900
120回目,84.228200,86.912800,87.583900,86.577200
121回目,82.214800,87.919500,88.590600,89.261700
122回目,83.221500,87.248300,85.570500,87.248300
123回目,82.885900,88.926200,88.926200,86.577200
124回目,84.228200,87.919500,86.912800,86.912800
125回目,83.221500,88.926200,85.234900,88.590600
126回目,84.228200,88.926200,86.241600,86.577200
127回目,82.885900,87.205400,84.228200,86.577200
128回目,84.228200,88.255000,88.255000,87.248300
129回目,84.228200,86.912800,86.577200,86.241600
130回目,82.550300,88.926200,86.577200,87.248300
131回目,82.550300,87.248300,84.899300,87.248300
132回目,81.543600,86.912800,89.597300,87.248300
133回目,83.221500,87.919500,85.906000,87.248300
134回目,82.885900,88.926200,88.215500,88.590600
135回目,83.221500,86.577200,85.906000,88.888900
136回目,82.214800,88.590600,86.241600,88.590600
137回目,84.563800,86.577200,85.234900,87.248300
138回目,82.885900,87.583900,87.248300,86.577200
139回目,85.570500,87.205400,87.248300,87.248300
140回目,85.570500,87.248300,86.912800,87.583900
141回目,82.885900,84.848500,86.912800,86.577200
142回目,85.570500,86.912800,86.577200,86.577200
143回目,81.543600,88.255000,84.563800,86.241600
144回目,82.885900,87.583900,86.912800,86.912800
145回目,82.550300,90.268500,86.912800,86.241600
146回目,82.214800,88.926200,86.912800,89.261700
147回目,82.885900,86.577200,88.255000,88.590600
148回目,82.550300,87.583900,87.583900,86.912800
149回目,82.550300,88.926200,88.255000,86.577200
150回目,82.214800,87.205400,85.570500,88.888900
151回目,82.885900,87.248300,89.261700,86.241600
152回目,82.885900,87.248300,86.241600,88.590600
153回目,82.214800,87.205400,88.255000,86.912800
154回目,82.885900,87.919500,86.241600,86.577200
155回目,85.570500,86.912800,86.577200,87.248300
156回目,84.563800,88.590600,87.583900,86.577200
157回目,81.543600,87.919500,87.919500,87.248300
158回目,81.543600,88.926200,86.912800,86.912800
159回目,81.543600,87.919500,90.604000,86.912800
160回目,83.501700,86.577200,85.906000,86.241600
161回目,82.885900,88.590600,87.583900,87.248300
162回目,85.570500,86.577200,86.577200,87.248300
163回目,82.214800,90.268500,88.255000,86.577200
164回目,81.543600,87.919500,86.577200,86.577200
165回目,82.214800,88.590600,86.577200,87.248300
166回目,82.550300,86.577200,86.577200,86.241600
167回目,82.550300,86.912800,86.577200,86.577200
168回目,82.214800,86.912800,86.241600,89.261700
169回目,82.214800,88.590600,86.241600,86.577200
170回目,82.214800,88.926200,86.577200,87.248300
171回目,84.228200,86.577200,87.542100,87.248300
172回目,82.885900,88.926200,87.583900,86.577200
173回目,81.543600,86.912800,86.912800,89.261700
174回目,84.563800,86.912800,88.255000,86.577200
175回目,83.501700,87.919500,86.577200,86.577200
176回目,82.885900,88.590600,88.255000,88.888900
177回目,83.501700,87.919500,87.583900,87.583900
178回目,84.228200,87.583900,88.255000,86.577200
179回目,85.570500,87.919500,85.906000,86.577200
180回目,81.543600,88.590600,85.906000,89.261700
181回目,85.570500,88.926200,85.570500,87.248300
182回目,82.885900,87.919500,87.583900,87.248300
183回目,82.885900,87.919500,88.255000,86.577200
184回目,82.214800,88.255000,87.583900,86.577200
185回目,84.228200,85.234900,87.583900,87.583900
186回目,82.214800,86.912800,85.570500,87.583900
187回目,83.501700,86.577200,87.583900,86.241600
188回目,82.885900,88.255000,87.919500,86.577200
189回目,82.885900,87.919500,85.906000,87.248300
190回目,82.885900,88.255000,85.570500,86.577200
191回目,84.228200,88.926200,88.255000,86.912800
192回目,82.885900,88.926200,84.563800,86.241600
193回目,83.221500,87.919500,86.241600,86.577200
194回目,82.214800,87.583900,83.892600,86.241600
195回目,84.228200,88.926200,86.577200,88.590600
196回目,82.214800,87.248300,86.912800,87.248300
197回目,84.563800,88.926200,85.570500,86.912800
198回目,82.214800,86.912800,88.255000,87.248300
199回目,84.563800,86.577200,85.906000,87.583900
200回目,82.885900,88.926200,86.577200,86.577200
201回目,84.228200,87.248300,90.939600,86.912800
202回目,84.228200,87.919500,86.912800,87.583900
203回目,82.214800,84.848500,87.917500,86.577200
204回目,82.550300,88.255000,86.912800,87.583900
205回目,84.228200,88.926200,85.234900,88.590600
206回目,82.214800,87.248300,84.899300,86.577200
207回目,82.885900,88.590600,85.570500,88.888900
208回目,83.501700,87.919500,86.241600,86.577200
209回目,81.543600,88.255000,87.248300,89.261700
210回目,84.563800,87.583900,90.604000,87.248300
211回目,82.214800,86.912800,86.912800,86.577200
212回目,82.885900,87.205400,88.552200,89.261700
213回目,82.214800,88.926200,86.577200,86.241600
214回目,82.550300,87.248300,84.563800,87.583900
215回目,83.221500,86.577200,83.557000,87.583900
216回目,82.885900,87.919500,86.241600,89.261700
217回目,82.214800,88.590600,87.248300,89.261700
218回目,84.563800,86.912800,90.604000,88.590600
219回目,84.563800,88.255000,86.241600,87.248300
220回目,82.885900,88.590600,86.241600,87.248300
221回目,82.885900,87.919500,90.604000,88.888900
222回目,83.221500,88.255000,87.248300,89.261700
223回目,84.228200,87.919500,84.563800,86.241600
224回目,83.501700,87.919500,84.899300,87.248300
225回目,83.501700,86.577200,86.577200,86.912800
226回目,82.214800,87.248300,85.234900,87.248300
227回目,85.570500,88.590600,89.261700,86.241600
228回目,83.501700,88.926200,84.563800,86.241600
229回目,83.221500,88.255000,88.255000,86.577200
230回目,84.563800,88.926200,88.926200,88.888900
231回目,85.570500,88.926200,85.906000,87.583900
232回目,84.563800,87.919500,87.919500,89.261700
233回目,81.543600,90.268500,86.241600,86.577200
234回目,84.228200,88.926200,87.583900,86.577200
235回目,82.214800,86.912800,85.906000,88.590600
236回目,82.550300,86.577200,85.234900,88.590600
237回目,84.563800,88.926200,87.919500,88.888900
238回目,81.543600,86.912800,87.248300,86.241600
239回目,82.214800,88.590600,90.604000,86.577200
240回目,85.570500,86.577200,85.521900,86.241600
241回目,83.221500,87.919500,85.570500,86.241600
242回目,82.550300,88.255000,88.590600,86.912800
243回目,84.563800,86.912800,88.255000,86.577200
244回目,82.885900,87.919500,89.597300,87.248300
245回目,82.214800,87.919500,86.577200,89.261700
246回目,85.570500,87.205400,86.577200,87.583900
247回目,82.550300,88.926200,84.228200,86.241600
248回目,82.214800,88.590600,85.570500,86.577200
249回目,82.885900,88.255000,86.241600,86.577200
250回目,82.214800,87.248300,87.583900,86.577200
