SimTime,GPSR,NGPSR,NPGPSR,NDGPSR
1回目,346.197000,1904.250000,1322.950000,638.567000
2回目,347.310000,1907.240000,1330.740000,637.105000
3回目,350.167000,1897.460000,1323.900000,635.185000
4回目,343.911000,1896.800000,1320.650000,632.395000
5回目,345.383000,1906.200000,1323.630000,639.442000
6回目,346.153000,1943.980000,1324.660000,633.034000
7回目,348.590000,1915.980000,1325.080000,633.117000
8回目,346.707000,1915.500000,1334.600000,631.570000
9回目,342.765000,1948.510000,1329.420000,635.327000
10回目,345.463000,1917.990000,1319.600000,633.752000
11回目,346.847000,1912.020000,1322.340000,632.554000
12回目,352.159000,1913.110000,1327.240000,633.945000
13回目,352.712000,1897.830000,1321.040000,634.363000
14回目,344.312000,1897.360000,1325.160000,637.246000
15回目,353.212000,1899.200000,1327.820000,634.624000
16回目,344.471000,1914.050000,1324.140000,632.798000
17回目,343.293000,1898.850000,1323.870000,633.050000
18回目,345.991000,1910.500000,1323.730000,636.006000
19回目,346.119000,1902.350000,1323.540000,638.180000
20回目,343.378000,1902.420000,1328.780000,633.549000
21回目,342.969000,1902.690000,1327.300000,638.202000
22回目,341.740000,1906.550000,1328.600000,638.364000
23回目,344.030000,1893.030000,1322.540000,634.093000
24回目,341.992000,1903.670000,1322.900000,639.845000
25回目,350.050000,1910.890000,1324.210000,635.647000
26回目,349.967000,1916.620000,1326.540000,640.402000
27回目,341.805000,1913.130000,1322.710000,632.536000
28回目,347.710000,1910.160000,1325.100000,634.634000
29回目,345.219000,1915.770000,1324.970000,639.169000
30回目,348.560000,1913.550000,1322.610000,641.845000
31回目,341.693000,1904.100000,1325.570000,636.521000
32回目,347.052000,1895.660000,1324.580000,637.272000
33回目,341.552000,1905.320000,1322.150000,632.573000
34回目,341.521000,1913.030000,1323.770000,633.711000
35回目,346.247000,1914.380000,1326.670000,637.181000
36回目,347.091000,1916.660000,1323.370000,635.298000
37回目,345.939000,1931.390000,1326.630000,635.138000
38回目,347.856000,1901.710000,1334.020000,634.300000
39回目,345.688000,1897.090000,1323.710000,640.512000
40回目,344.263000,1899.100000,1324.480000,637.031000
41回目,341.192000,1884.870000,1321.600000,637.227000
42回目,345.183000,1919.290000,1328.070000,634.428000
43回目,345.097000,1896.060000,1325.330000,634.189000
44回目,345.517000,1911.240000,1329.810000,639.680000
45回目,343.307000,1903.830000,1319.060000,638.035000
46回目,344.224000,1912.160000,1333.640000,636.567000
47回目,343.432000,1911.620000,1328.860000,632.848000
48回目,345.134000,1920.980000,1324.050000,641.338000
49回目,342.024000,1916.210000,1322.580000,637.060000
50回目,343.322000,1908.810000,1326.640000,630.624000
51回目,346.081000,1900.530000,1323.630000,636.986000
52回目,348.290000,1912.390000,1330.230000,640.295000
53回目,347.852000,1899.130000,1322.930000,635.862000
54回目,345.752000,1887.900000,1332.080000,632.317000
55回目,344.044000,1911.010000,1327.970000,637.648000
56回目,344.131000,1916.490000,1328.160000,642.060000
57回目,349.087000,1915.510000,1330.220000,635.568000
58回目,347.132000,1895.290000,1326.610000,632.942000
59回目,343.451000,1894.440000,1331.630000,638.645000
60回目,344.267000,1912.060000,1316.410000,636.147000
61回目,345.983000,1897.530000,1322.140000,634.534000
62回目,342.791000,1898.390000,1323.210000,636.059000
63回目,342.853000,1912.180000,1325.410000,637.689000
64回目,349.084000,1890.520000,1322.510000,632.980000
65回目,343.427000,1903.160000,1325.920000,637.909000
66回目,345.937000,1907.580000,1325.780000,639.221000
67回目,341.869000,1907.580000,1327.530000,643.607000
68回目,344.147000,1905.120000,1321.020000,635.634000
69回目,347.943000,1899.950000,1322.770000,637.392000
70回目,347.345000,1915.840000,1322.550000,637.340000
71回目,344.044000,1913.860000,1323.940000,634.603000
72回目,347.627000,1914.970000,1326.090000,636.184000
73回目,343.715000,1911.890000,1327.440000,634.658000
74回目,340.542000,1911.020000,1328.610000,641.244000
75回目,341.782000,1896.430000,1324.730000,638.548000
76回目,345.523000,1892.740000,1324.880000,639.529000
77回目,343.726000,1923.980000,1329.900000,636.366000
78回目,347.208000,1905.250000,1327.670000,635.465000
79回目,344.724000,1909.460000,1327.170000,636.509000
80回目,345.458000,1899.550000,1322.740000,634.415000
81回目,347.372000,1961.060000,1322.690000,638.831000
82回目,344.547000,1899.000000,1323.970000,635.908000
83回目,342.544000,1928.970000,1320.580000,634.398000
84回目,343.565000,1918.400000,1319.450000,634.368000
85回目,344.690000,1904.920000,1324.460000,636.326000
86回目,348.118000,1904.740000,1327.200000,631.751000
87回目,343.221000,1911.380000,1322.080000,636.529000
88回目,340.536000,1911.800000,1320.740000,639.674000
89回目,347.394000,1922.990000,1328.200000,638.249000
90回目,341.255000,1903.620000,1326.340000,641.096000
91回目,343.269000,1949.910000,1323.520000,631.260000
92回目,345.406000,1921.740000,1327.250000,638.500000
93回目,341.448000,1916.000000,1325.670000,638.248000
94回目,342.177000,1901.710000,1329.230000,645.446000
95回目,347.457000,1902.860000,1326.560000,631.839000
96回目,344.356000,1915.120000,1323.600000,634.282000
97回目,342.704000,1909.030000,1326.740000,634.237000
98回目,345.845000,1923.080000,1325.540000,636.044000
99回目,346.654000,1901.060000,1326.910000,644.682000
100回目,340.536000,1914.090000,1327.390000,636.156000
101回目,340.451000,1955.550000,1324.960000,635.436000
102回目,345.465000,1912.920000,1323.760000,631.311000
103回目,341.779000,1894.550000,1324.680000,638.753000
104回目,343.581000,1897.880000,1321.440000,637.610000
105回目,342.988000,1900.450000,1321.230000,636.721000
106回目,344.458000,1907.940000,1323.510000,632.882000
107回目,345.152000,1901.960000,1322.020000,633.178000
108回目,346.363000,1905.810000,1326.420000,636.210000
109回目,343.620000,1898.780000,1327.710000,639.480000
110回目,346.384000,1904.700000,1325.020000,636.976000
111回目,345.486000,1900.130000,1323.000000,639.446000
112回目,345.167000,1899.260000,1323.240000,636.567000
113回目,343.611000,1915.580000,1328.790000,638.815000
114回目,345.569000,1893.780000,1322.190000,633.410000
115回目,346.428000,1901.610000,1323.010000,637.547000
116回目,341.561000,1887.740000,1320.980000,635.671000
117回目,342.449000,1910.410000,1321.830000,642.702000
118回目,341.954000,1887.890000,1326.870000,635.015000
119回目,347.446000,1888.480000,1327.130000,634.325000
120回目,342.632000,1911.610000,1327.810000,635.419000
121回目,344.253000,1915.940000,1327.200000,635.027000
122回目,349.908000,1904.210000,1328.700000,633.488000
123回目,341.771000,1896.270000,1321.220000,636.546000
124回目,344.998000,1916.460000,1321.640000,635.108000
125回目,346.009000,1927.820000,1325.160000,639.371000
126回目,346.587000,1902.190000,1323.760000,635.101000
127回目,346.553000,1906.830000,1326.700000,636.417000
128回目,345.834000,1895.090000,1324.860000,636.183000
129回目,344.297000,1896.110000,1324.020000,639.077000
130回目,344.899000,1907.400000,1326.430000,632.176000
131回目,347.030000,1919.790000,1318.360000,637.055000
132回目,342.166000,1904.570000,1325.250000,635.787000
133回目,346.861000,1909.710000,1321.470000,632.532000
134回目,344.574000,1905.920000,1319.200000,651.449000
135回目,346.009000,1909.630000,1321.790000,636.007000
136回目,346.250000,1910.910000,1320.130000,635.970000
137回目,343.935000,1907.210000,1329.640000,637.040000
138回目,347.779000,1896.510000,1321.860000,637.445000
139回目,345.458000,1915.380000,1332.920000,633.538000
140回目,342.322000,1910.110000,1318.200000,632.693000
141回目,342.568000,1918.020000,1318.410000,639.139000
142回目,349.984000,1910.410000,1322.800000,632.776000
143回目,344.540000,1912.120000,1324.090000,640.365000
144回目,345.822000,1903.010000,1322.850000,639.265000
145回目,346.456000,1926.510000,1322.680000,633.859000
146回目,351.451000,1979.040000,1321.150000,631.678000
147回目,343.853000,1906.760000,1324.270000,633.190000
148回目,346.909000,1916.650000,1324.510000,637.714000
149回目,344.548000,1906.200000,1324.190000,640.740000
150回目,344.862000,1897.440000,1323.340000,636.525000
151回目,343.612000,1921.050000,1324.760000,634.163000
152回目,349.009000,1908.780000,1324.420000,635.819000
153回目,347.556000,1890.010000,1322.440000,638.175000
154回目,346.775000,1894.670000,1320.020000,634.119000
155回目,344.091000,1896.370000,1326.030000,633.438000
156回目,342.299000,1903.000000,1322.400000,634.574000
157回目,346.652000,1902.290000,1326.060000,635.067000
158回目,345.584000,1898.380000,1322.930000,633.222000
159回目,348.824000,1897.040000,1318.050000,640.452000
160回目,347.981000,1906.680000,1325.520000,636.892000
161回目,349.695000,1901.950000,1319.280000,635.287000
162回目,346.233000,1890.660000,1320.490000,633.859000
163回目,346.681000,1912.110000,1328.590000,637.526000
164回目,347.229000,1904.660000,1322.310000,638.454000
165回目,351.710000,1905.880000,1323.550000,636.853000
166回目,344.147000,1883.290000,1320.000000,634.196000
167回目,344.628000,1921.120000,1321.980000,635.745000
168回目,345.195000,1924.060000,1326.040000,635.572000
169回目,349.711000,1903.260000,1328.690000,639.881000
170回目,344.180000,1908.050000,1325.730000,636.106000
171回目,341.663000,1891.630000,1316.440000,637.171000
172回目,344.324000,1905.950000,1322.820000,640.004000
173回目,343.748000,1900.330000,1325.430000,631.090000
174回目,344.907000,1912.090000,1328.910000,640.434000
175回目,344.592000,1891.270000,1321.720000,636.319000
176回目,343.956000,1897.740000,1323.330000,635.458000
177回目,344.942000,1909.940000,1328.360000,635.618000
178回目,343.441000,1917.860000,1324.120000,632.296000
179回目,347.774000,1892.380000,1326.170000,634.599000
180回目,342.288000,1906.870000,1325.030000,636.162000
181回目,343.501000,1898.390000,1328.030000,639.742000
182回目,344.270000,1980.150000,1324.470000,636.013000
183回目,343.494000,1918.540000,1322.910000,634.423000
184回目,341.476000,1909.180000,1323.600000,636.540000
185回目,345.342000,1905.230000,1318.500000,637.874000
186回目,345.107000,1908.200000,1334.620000,636.048000
187回目,345.304000,1916.140000,1325.890000,630.037000
188回目,346.500000,1907.120000,1326.900000,633.516000
189回目,343.410000,1901.850000,1321.710000,637.485000
190回目,347.368000,1888.780000,1321.080000,637.967000
191回目,344.292000,1883.700000,1324.290000,633.416000
192回目,343.156000,1899.250000,1324.990000,638.157000
193回目,340.369000,1895.310000,1321.590000,637.825000
194回目,340.758000,1904.820000,1324.920000,636.188000
195回目,342.317000,1912.480000,1326.550000,638.538000
196回目,340.871000,1898.050000,1329.490000,636.435000
197回目,347.241000,1948.310000,1324.150000,637.416000
198回目,344.332000,1906.040000,1324.790000,634.025000
199回目,341.201000,1901.640000,1321.320000,633.098000
200回目,340.791000,1918.930000,1325.240000,638.359000
201回目,343.661000,1937.260000,1326.430000,641.161000
202回目,343.598000,1906.650000,1326.140000,636.016000
203回目,339.104000,1920.940000,1325.590000,633.112000
204回目,347.261000,1943.860000,1321.370000,631.913000
205回目,353.153000,1895.470000,1324.960000,638.105000
206回目,342.111000,1900.500000,1323.470000,639.873000
207回目,346.561000,1904.510000,1328.780000,636.308000
208回目,342.779000,1895.370000,1325.520000,634.853000
209回目,343.989000,1929.600000,1326.720000,636.455000
210回目,344.388000,1908.900000,1322.340000,639.576000
211回目,343.274000,1894.040000,1324.370000,637.608000
212回目,346.981000,1892.340000,1328.220000,635.714000
213回目,346.302000,1893.860000,1321.050000,635.623000
214回目,341.939000,1915.940000,1324.820000,641.040000
215回目,344.260000,1898.150000,1314.720000,635.352000
216回目,343.493000,1902.860000,1321.020000,637.293000
217回目,345.171000,1898.240000,1330.090000,634.518000
218回目,345.156000,1907.500000,1325.230000,639.080000
219回目,343.859000,1908.410000,1328.400000,634.097000
220回目,347.262000,1892.270000,1323.420000,633.617000
221回目,344.798000,1905.530000,1320.430000,633.918000
222回目,341.341000,1904.840000,1324.720000,635.049000
223回目,343.033000,1903.530000,1321.180000,638.275000
224回目,344.316000,1914.810000,1328.570000,635.679000
225回目,346.849000,1894.200000,1330.440000,635.520000
226回目,344.582000,1917.190000,1324.900000,635.700000
227回目,344.835000,1899.830000,1325.860000,635.304000
228回目,344.334000,1902.480000,1321.990000,625.566000
229回目,347.366000,1900.150000,1322.600000,634.235000
230回目,345.490000,1954.360000,1320.920000,631.762000
231回目,348.450000,1972.820000,1324.880000,637.191000
232回目,346.235000,1895.650000,1325.300000,634.647000
233回目,345.128000,1922.310000,1321.560000,633.419000
234回目,348.774000,1925.490000,1324.460000,635.100000
235回目,355.895000,1907.650000,1322.240000,643.647000
236回目,347.641000,1904.830000,1323.130000,637.571000
237回目,344.486000,1907.080000,1328.090000,636.966000
238回目,346.593000,1909.030000,1330.040000,636.289000
239回目,344.630000,1908.120000,1326.100000,634.061000
240回目,343.516000,1897.110000,1319.150000,638.605000
241回目,346.866000,1942.630000,1320.080000,638.826000
242回目,349.603000,1908.920000,1323.210000,633.439000
243回目,347.029000,1893.700000,1324.920000,630.788000
244回目,342.939000,1909.090000,1318.420000,636.597000
245回目,341.619000,1913.410000,1320.530000,634.735000
246回目,343.023000,1892.700000,1323.040000,639.440000
247回目,343.146000,1941.790000,1324.730000,630.277000
248回目,343.672000,1903.550000,1319.500000,550.296000
249回目,341.272000,1926.450000,1325.960000,549.401000
250回目,342.123000,1901.160000,1323.230000,544.580000
