Overhead,GPSR,NGPSR,NPGPSR,NDGPSR
1回目,4525143.000000,11505282.000000,10217032.000000,10230809.000000
2回目,4552545.000000,11488974.000000,10251578.000000,10236859.000000
3回目,4591231.000000,11411872.000000,10249896.000000,10221479.000000
4回目,4525143.000000,11514422.000000,10204450.000000,10159089.000000
5回目,4591231.000000,11503288.000000,10254338.000000,10159089.000000
6回目,4562899.000000,11449640.000000,10266228.000000,10236859.000000
7回目,4575747.000000,11563260.000000,10259746.000000,10207369.000000
8回目,4557473.000000,11411872.000000,10197840.000000,10236859.000000
9回目,4554365.000000,11577272.000000,10124348.000000,10207369.000000
10回目,4575747.000000,11488974.000000,10227776.000000,10212715.000000
11回目,4552901.000000,11488974.000000,10241090.000000,10221919.000000
12回目,4535493.000000,11480024.000000,10235870.000000,10159089.000000
13回目,4575747.000000,11478646.000000,10248494.000000,10221919.000000
14回目,4535493.000000,11532248.000000,10213392.000000,10221479.000000
15回目,4535493.000000,11436442.000000,10184946.000000,10221919.000000
16回目,4535493.000000,11411872.000000,10222122.000000,10159089.000000
17回目,4512751.000000,11436442.000000,10244200.000000,10226383.000000
18回目,4575747.000000,11408550.000000,10268194.000000,10221919.000000
19回目,4575747.000000,11478646.000000,10199752.000000,10236383.000000
20回目,4552545.000000,11408550.000000,10207068.000000,10230809.000000
21回目,4562899.000000,11604470.000000,10208116.000000,10212715.000000
22回目,4535493.000000,11532248.000000,10235970.000000,10236383.000000
23回目,4543335.000000,11411872.000000,10188788.000000,10212715.000000
24回目,4552545.000000,11436442.000000,10238936.000000,10212715.000000
25回目,4525143.000000,11487224.000000,10272330.000000,10221479.000000
26回目,4552901.000000,11408550.000000,10318154.000000,10207369.000000
27回目,4512751.000000,11505282.000000,10239710.000000,10221919.000000
28回目,4562899.000000,11488974.000000,10234474.000000,10221479.000000
29回目,4562899.000000,11563260.000000,10216010.000000,10226383.000000
30回目,4552901.000000,11518236.000000,10200776.000000,10221479.000000
31回目,4575747.000000,11487224.000000,10222034.000000,10208005.000000
32回目,4552545.000000,11510718.000000,10213984.000000,10236859.000000
33回目,4525143.000000,11514422.000000,10190852.000000,10226383.000000
34回目,4552545.000000,11449640.000000,10241728.000000,10236383.000000
35回目,4552545.000000,11505282.000000,10230998.000000,10212715.000000
36回目,4512751.000000,11360870.000000,10186008.000000,10207369.000000
37回目,4512751.000000,11568694.000000,10264874.000000,10270921.000000
38回目,4557473.000000,11559446.000000,10230000.000000,10221479.000000
39回目,4543335.000000,11480024.000000,10227384.000000,10208005.000000
40回目,4552901.000000,11459156.000000,10167654.000000,10221919.000000
41回目,4575747.000000,11487224.000000,10195782.000000,10270921.000000
42回目,4552545.000000,11360870.000000,10248042.000000,10270921.000000
43回目,4591231.000000,11462528.000000,10257992.000000,10221479.000000
44回目,4512751.000000,11595330.000000,10238770.000000,10236859.000000
45回目,4552901.000000,11514422.000000,10197244.000000,10221919.000000
46回目,4512751.000000,11478646.000000,10256840.000000,10226383.000000
47回目,4591231.000000,11480024.000000,10244988.000000,10212715.000000
48回目,4512751.000000,11523670.000000,10231148.000000,10221479.000000
49回目,4591231.000000,11436442.000000,10239496.000000,10221919.000000
50回目,4535493.000000,11363526.000000,10146432.000000,10270921.000000
51回目,4554365.000000,11483424.000000,10176088.000000,10207369.000000
52回目,4525143.000000,11408550.000000,10226564.000000,10236383.000000
53回目,4557473.000000,11548312.000000,10220676.000000,10221919.000000
54回目,4557473.000000,11513526.000000,10195722.000000,10236859.000000
55回目,4525143.000000,11559446.000000,10195748.000000,10236383.000000
56回目,4591231.000000,11411872.000000,10235156.000000,10208005.000000
57回目,4562899.000000,11487224.000000,10270908.000000,10208005.000000
58回目,4552901.000000,11503288.000000,10232710.000000,10236383.000000
59回目,4552545.000000,11510718.000000,10260052.000000,10236383.000000
60回目,4512751.000000,11513526.000000,10258028.000000,10159089.000000
61回目,4543335.000000,11550306.000000,10284788.000000,10270921.000000
62回目,4543335.000000,11514422.000000,10247938.000000,10270921.000000
63回目,4557473.000000,11514422.000000,10268204.000000,10230809.000000
64回目,4525143.000000,11436442.000000,10237322.000000,10230809.000000
65回目,4552901.000000,11488974.000000,10264542.000000,10236859.000000
66回目,4525143.000000,11577272.000000,10234700.000000,10159089.000000
67回目,4535493.000000,11518236.000000,10235522.000000,10221479.000000
68回目,4525143.000000,11480024.000000,10219656.000000,10221919.000000
69回目,4543335.000000,11483424.000000,10271244.000000,10212715.000000
70回目,4535493.000000,11595330.000000,10235446.000000,10221479.000000
71回目,4552545.000000,11510718.000000,10293424.000000,10159089.000000
72回目,4575747.000000,11568694.000000,10245880.000000,10226383.000000
73回目,4575747.000000,11436442.000000,10219272.000000,10208005.000000
74回目,4591231.000000,11422270.000000,10224744.000000,10159089.000000
75回目,4552545.000000,11528426.000000,10232084.000000,10236859.000000
76回目,4554365.000000,11550306.000000,10246664.000000,10221919.000000
77回目,4552545.000000,11550306.000000,10199982.000000,10207369.000000
78回目,4557473.000000,11528426.000000,10279626.000000,10226383.000000
79回目,4543335.000000,11533998.000000,10250308.000000,10270921.000000
80回目,4525143.000000,11528426.000000,10226666.000000,10226383.000000
81回目,4575747.000000,11478646.000000,10273622.000000,10236859.000000
82回目,4525143.000000,11505282.000000,10158678.000000,10207369.000000
83回目,4591231.000000,11518236.000000,10236814.000000,10236383.000000
84回目,4554365.000000,11483424.000000,10261388.000000,10221479.000000
85回目,4554365.000000,11436442.000000,10193070.000000,10236383.000000
86回目,4552901.000000,11550306.000000,10193910.000000,10236859.000000
87回目,4575747.000000,11532248.000000,10210782.000000,10236383.000000
88回目,4552545.000000,11487224.000000,10250662.000000,10221479.000000
89回目,4557473.000000,11514422.000000,10208804.000000,10270921.000000
90回目,4512751.000000,11481466.000000,10205744.000000,10221919.000000
91回目,4512751.000000,11466488.000000,10226564.000000,10159089.000000
92回目,4543335.000000,11487224.000000,10260236.000000,10270921.000000
93回目,4557473.000000,11579022.000000,10221090.000000,10230809.000000
94回目,4543335.000000,11505282.000000,10241508.000000,10226383.000000
95回目,4525143.000000,11595330.000000,10188734.000000,10221479.000000
96回目,4543335.000000,11422270.000000,10192014.000000,10226383.000000
97回目,4554365.000000,11449640.000000,10254066.000000,10230809.000000
98回目,4543335.000000,11459156.000000,10246294.000000,10207369.000000
99回目,4554365.000000,11608284.000000,10173180.000000,10212715.000000
100回目,4552545.000000,11408550.000000,10191292.000000,10207369.000000
101回目,4512751.000000,11505282.000000,10205870.000000,10208005.000000
102回目,4552545.000000,11436442.000000,10264056.000000,10221479.000000
103回目,4552545.000000,11518236.000000,10242690.000000,10159089.000000
104回目,4591231.000000,11555742.000000,10270044.000000,10226383.000000
105回目,4554365.000000,11360870.000000,10234404.000000,10159089.000000
106回目,4543335.000000,11481466.000000,10240514.000000,10221919.000000
107回目,4557473.000000,11468502.000000,10236310.000000,10212715.000000
108回目,4575747.000000,11518236.000000,10235770.000000,10230809.000000
109回目,4575747.000000,11449640.000000,10256406.000000,10226383.000000
110回目,4552901.000000,11573450.000000,10230274.000000,10208005.000000
111回目,4543335.000000,11423438.000000,10251900.000000,10208005.000000
112回目,4554365.000000,11488974.000000,10184340.000000,10270921.000000
113回目,4535493.000000,11532248.000000,10219936.000000,10236383.000000
114回目,4552901.000000,11514422.000000,10223914.000000,10270921.000000
115回目,4543335.000000,11513526.000000,10224240.000000,10226383.000000
116回目,4552901.000000,11480024.000000,10236520.000000,10230809.000000
117回目,4552545.000000,11618474.000000,10240766.000000,10230809.000000
118回目,4525143.000000,11422270.000000,10262940.000000,10236383.000000
119回目,4552545.000000,11505282.000000,10199870.000000,10236383.000000
120回目,4512751.000000,11518236.000000,10279876.000000,10207369.000000
121回目,4557473.000000,11503288.000000,10213518.000000,10208005.000000
122回目,4525143.000000,11487224.000000,10218340.000000,10270921.000000
123回目,4525143.000000,11488974.000000,10194374.000000,10226383.000000
124回目,4575747.000000,11513526.000000,10261476.000000,10221479.000000
125回目,4591231.000000,11608284.000000,10245280.000000,10230809.000000
126回目,4552545.000000,11483424.000000,10217820.000000,10208005.000000
127回目,4575747.000000,11510718.000000,10211094.000000,10270921.000000
128回目,4552901.000000,11483424.000000,10193906.000000,10236859.000000
129回目,4535493.000000,11436442.000000,10319136.000000,10270921.000000
130回目,4535493.000000,11481466.000000,10228126.000000,10212715.000000
131回目,4525143.000000,11483424.000000,10227404.000000,10226383.000000
132回目,4512751.000000,11604470.000000,10193082.000000,10221919.000000
133回目,4575747.000000,11411872.000000,10233710.000000,10207369.000000
134回目,4562899.000000,11449640.000000,10217886.000000,10212715.000000
135回目,4512751.000000,11618474.000000,10242000.000000,10236859.000000
136回目,4575747.000000,11514422.000000,10225238.000000,10236859.000000
137回目,4512751.000000,11503288.000000,10246304.000000,10226383.000000
138回目,4552545.000000,11555742.000000,10234776.000000,10270921.000000
139回目,4525143.000000,11466488.000000,10230298.000000,10270921.000000
140回目,4543335.000000,11518236.000000,10270200.000000,10236383.000000
141回目,4512751.000000,11518236.000000,10236660.000000,10221479.000000
142回目,4557473.000000,11483424.000000,10238862.000000,10221479.000000
143回目,4512751.000000,11478646.000000,10176130.000000,10159089.000000
144回目,4552901.000000,11462528.000000,10244594.000000,10207369.000000
145回目,4591231.000000,11595330.000000,10211184.000000,10207369.000000
146回目,4554365.000000,11468502.000000,10224962.000000,10236859.000000
147回目,4535493.000000,11548312.000000,10251210.000000,10236383.000000
148回目,4525143.000000,11513526.000000,10191678.000000,10270921.000000
149回目,4543335.000000,11523670.000000,10204434.000000,10208005.000000
150回目,4552545.000000,11408550.000000,10230522.000000,10159089.000000
151回目,4552901.000000,11573450.000000,10229018.000000,10230809.000000
152回目,4591231.000000,11481466.000000,10266962.000000,10207369.000000
153回目,4552545.000000,11513526.000000,10225928.000000,10230809.000000
154回目,4525143.000000,11513526.000000,10303212.000000,10159089.000000
155回目,4552545.000000,11480024.000000,10226412.000000,10221479.000000
156回目,4552901.000000,11573450.000000,10220988.000000,10207369.000000
157回目,4552545.000000,11466488.000000,10170484.000000,10221479.000000
158回目,4552901.000000,11449640.000000,10192842.000000,10207369.000000
159回目,4562899.000000,11505282.000000,10275718.000000,10159089.000000
160回目,4554365.000000,11523670.000000,10230304.000000,10208005.000000
161回目,4525143.000000,11436442.000000,10251112.000000,10207369.000000
162回目,4512751.000000,11510718.000000,10231586.000000,10221479.000000
163回目,4557473.000000,11604470.000000,10215800.000000,10236383.000000
164回目,4552901.000000,11505282.000000,10182106.000000,10230809.000000
165回目,4512751.000000,11449640.000000,10195828.000000,10208005.000000
166回目,4525143.000000,11360870.000000,10229236.000000,10212715.000000
167回目,4562899.000000,11558550.000000,10244736.000000,10236859.000000
168回目,4557473.000000,11503288.000000,10308020.000000,10208005.000000
169回目,4557473.000000,11408550.000000,10226564.000000,10226383.000000
170回目,4525143.000000,11483424.000000,10200964.000000,10212715.000000
171回目,4554365.000000,11514422.000000,10242542.000000,10236859.000000
172回目,4591231.000000,11459156.000000,10213994.000000,10221479.000000
173回目,4543335.000000,11563260.000000,10249970.000000,10270921.000000
174回目,4554365.000000,11550306.000000,10228878.000000,10230809.000000
175回目,4557473.000000,11518236.000000,10208804.000000,10221479.000000
176回目,4575747.000000,11573450.000000,10233452.000000,10221479.000000
177回目,4543335.000000,11436442.000000,10212664.000000,10212715.000000
178回目,4575747.000000,11523670.000000,10205744.000000,10207369.000000
179回目,4525143.000000,11550306.000000,10255134.000000,10207369.000000
180回目,4591231.000000,11423438.000000,10197860.000000,10270921.000000
181回目,4552545.000000,11488974.000000,10227932.000000,10221919.000000
182回目,4535493.000000,11528426.000000,10260212.000000,10208005.000000
183回目,4535493.000000,11528426.000000,10217332.000000,10226383.000000
184回目,4562899.000000,11558550.000000,10244752.000000,10208005.000000
185回目,4575747.000000,11548312.000000,10298588.000000,10221919.000000
186回目,4591231.000000,11503288.000000,10244200.000000,10230809.000000
187回目,4525143.000000,11480024.000000,10245566.000000,10221919.000000
188回目,4552901.000000,11487224.000000,10256314.000000,10236859.000000
189回目,4552901.000000,11533998.000000,10147310.000000,10212715.000000
190回目,4535493.000000,11533998.000000,10225204.000000,10270921.000000
191回目,4535493.000000,11600766.000000,10211486.000000,10159089.000000
192回目,4557473.000000,11462528.000000,10224726.000000,10208005.000000
193回目,4591231.000000,11505282.000000,10230294.000000,10212715.000000
194回目,4554365.000000,11528426.000000,10211714.000000,10221919.000000
195回目,4557473.000000,11558550.000000,10221092.000000,10207369.000000
196回目,4575747.000000,11573450.000000,10223716.000000,10230809.000000
197回目,4535493.000000,11505282.000000,10266562.000000,10221919.000000
198回目,4557473.000000,11423438.000000,10235658.000000,10221479.000000
199回目,4552545.000000,11468502.000000,10199476.000000,10159089.000000
200回目,4575747.000000,11514422.000000,10190878.000000,10159089.000000
201回目,4543335.000000,11505282.000000,10267858.000000,10230809.000000
202回目,4554365.000000,11555742.000000,10234732.000000,10230809.000000
203回目,4512751.000000,11466488.000000,10225404.000000,10236383.000000
204回目,4575747.000000,11645790.000000,10216598.000000,10207369.000000
205回目,4557473.000000,11573450.000000,10221382.000000,10226383.000000
206回目,4552545.000000,11514422.000000,10222050.000000,10236859.000000
207回目,4552545.000000,11604470.000000,10213342.000000,10226383.000000
208回目,4554365.000000,11503288.000000,10225844.000000,10159089.000000
209回目,4535493.000000,11423438.000000,10226564.000000,10159089.000000
210回目,4525143.000000,11514422.000000,10224562.000000,10159089.000000
211回目,4525143.000000,11563260.000000,10183046.000000,10212715.000000
212回目,4575747.000000,11600766.000000,10249372.000000,10159089.000000
213回目,4543335.000000,11503288.000000,10241270.000000,10159089.000000
214回目,4591231.000000,11563260.000000,10226286.000000,10236859.000000
215回目,4575747.000000,11563260.000000,10172878.000000,10159089.000000
216回目,4557473.000000,11505282.000000,10244200.000000,10159089.000000
217回目,4562899.000000,11411872.000000,10269674.000000,10221919.000000
218回目,4512751.000000,11533998.000000,10211982.000000,10221479.000000
219回目,4552545.000000,11513526.000000,10227496.000000,10207369.000000
220回目,4535493.000000,11518236.000000,10224158.000000,10236859.000000
221回目,4552545.000000,11449640.000000,10236998.000000,10208005.000000
222回目,4552901.000000,11555742.000000,10235170.000000,10236383.000000
223回目,4535493.000000,11422270.000000,10243910.000000,10236383.000000
224回目,4552545.000000,11487224.000000,10214996.000000,10226383.000000
225回目,4552545.000000,11550306.000000,10243910.000000,10207369.000000
226回目,4525143.000000,11478646.000000,10192200.000000,10208005.000000
227回目,4552901.000000,11408550.000000,10209458.000000,10270921.000000
228回目,4512751.000000,11423438.000000,10253932.000000,10236859.000000
229回目,4554365.000000,11558550.000000,10209228.000000,10207369.000000
230回目,4512751.000000,11555742.000000,10272136.000000,10208005.000000
231回目,4552901.000000,11480024.000000,10226310.000000,10208005.000000
232回目,4591231.000000,11488974.000000,10228724.000000,10159089.000000
233回目,4543335.000000,11555742.000000,10244558.000000,10221479.000000
234回目,4543335.000000,11563260.000000,10204428.000000,10207369.000000
235回目,4552545.000000,11523670.000000,10269056.000000,10212715.000000
236回目,4575747.000000,11514422.000000,10240288.000000,10212715.000000
237回目,4562899.000000,11360870.000000,10213002.000000,10207369.000000
238回目,4552545.000000,11505282.000000,10222556.000000,10159089.000000
239回目,4557473.000000,11573450.000000,10232084.000000,10236859.000000
240回目,4552545.000000,11528426.000000,10244734.000000,10236383.000000
241回目,4543335.000000,11528426.000000,10218386.000000,10221919.000000
242回目,4525143.000000,11478646.000000,10178198.000000,10207369.000000
243回目,4552545.000000,11528426.000000,10184040.000000,10270921.000000
244回目,4557473.000000,11563260.000000,10211326.000000,10236383.000000
245回目,4552545.000000,11526490.000000,10264056.000000,10212715.000000
246回目,4552901.000000,11487224.000000,10211658.000000,10221919.000000
247回目,4557473.000000,11559446.000000,10200862.000000,10230809.000000
248回目,4552901.000000,11478646.000000,10258506.000000,10208005.000000
249回目,4552901.000000,11481466.000000,10263488.000000,10221479.000000
250回目,4543335.000000,11514422.000000,10175534.000000,10221919.000000
