Overhead,GPSR,NGPSR,NPGPSR,NDGPSR
1回目,1551596.000000,3815996.000000,3428499.000000,3430500.000000
2回目,1561186.000000,3873010.000000,3441691.000000,3430500.000000
3回目,1533364.000000,3906412.000000,3438153.000000,3442728.000000
4回目,1561528.000000,3898688.000000,3406001.000000,3453892.000000
5回目,1571804.000000,3910850.000000,3415623.000000,3429462.000000
6回目,1551596.000000,3865098.000000,3464367.000000,3430500.000000
7回目,1556260.000000,3880782.000000,3457215.000000,3466398.000000
8回目,1525090.000000,3881366.000000,3469081.000000,3430500.000000
9回目,1533400.000000,3861880.000000,3452991.000000,3457604.000000
10回目,1561528.000000,3871992.000000,3406143.000000,3466688.000000
11回目,1567046.000000,3898532.000000,3457449.000000,3466398.000000
12回目,1574048.000000,3888504.000000,3455371.000000,3466688.000000
13回目,1567046.000000,3872886.000000,3421609.000000,3442728.000000
14回目,1545684.000000,3890410.000000,3448767.000000,3423714.000000
15回目,1533400.000000,3866332.000000,3440513.000000,3466688.000000
16回目,1525090.000000,3898688.000000,3444255.000000,3452936.000000
17回目,1571804.000000,3871992.000000,3468171.000000,3452936.000000
18回目,1574048.000000,3866332.000000,3457215.000000,3429462.000000
19回目,1525090.000000,3888504.000000,3468303.000000,3453892.000000
20回目,1551596.000000,3875464.000000,3444255.000000,3435026.000000
21回目,1525090.000000,3883654.000000,3444255.000000,3459916.000000
22回目,1574048.000000,3898688.000000,3463403.000000,3429462.000000
23回目,1567046.000000,3905532.000000,3482345.000000,3466398.000000
24回目,1571804.000000,3883654.000000,3477977.000000,3459916.000000
25回目,1571804.000000,3883498.000000,3396385.000000,3429462.000000
26回目,1567046.000000,3890498.000000,3448483.000000,3435026.000000
27回目,1533400.000000,3905444.000000,3461811.000000,3466398.000000
28回目,1561528.000000,3910850.000000,3444255.000000,3423714.000000
29回目,1556260.000000,3861880.000000,3432719.000000,3457604.000000
30回目,1571804.000000,3890498.000000,3434119.000000,3452936.000000
31回目,1545684.000000,3815996.000000,3441691.000000,3459916.000000
32回目,1561528.000000,3815996.000000,3412019.000000,3466398.000000
33回目,1561528.000000,3883498.000000,3406001.000000,3457604.000000
34回目,1545684.000000,3850096.000000,3464439.000000,3435026.000000
35回目,1567046.000000,3815996.000000,3482345.000000,3423714.000000
36回目,1567046.000000,3850096.000000,3421609.000000,3466398.000000
37回目,1574048.000000,3903538.000000,3444697.000000,3442728.000000
38回目,1571804.000000,3865098.000000,3448483.000000,3457604.000000
39回目,1533400.000000,3913722.000000,3469645.000000,3423714.000000
40回目,1561186.000000,3846846.000000,3448537.000000,3459916.000000
41回目,1533400.000000,3869538.000000,3482345.000000,3429462.000000
42回目,1545684.000000,3868464.000000,3473177.000000,3466688.000000
43回目,1545684.000000,3869538.000000,3406001.000000,3430500.000000
44回目,1571804.000000,3880782.000000,3438153.000000,3452936.000000
45回目,1567046.000000,3902954.000000,3509271.000000,3459916.000000
46回目,1561186.000000,3865098.000000,3461811.000000,3453892.000000
47回目,1525090.000000,3888504.000000,3441117.000000,3429462.000000
48回目,1551596.000000,3850096.000000,3438153.000000,3457604.000000
49回目,1561186.000000,3902954.000000,3442255.000000,3452936.000000
50回目,1567046.000000,3888504.000000,3437013.000000,3429462.000000
51回目,1556260.000000,3861456.000000,3464439.000000,3459916.000000
52回目,1525090.000000,3841924.000000,3453249.000000,3453892.000000
53回目,1574048.000000,3883654.000000,3475523.000000,3453892.000000
54回目,1533400.000000,3869936.000000,3444255.000000,3457604.000000
55回目,1571804.000000,3841924.000000,3444089.000000,3429462.000000
56回目,1561186.000000,3890410.000000,3473177.000000,3435026.000000
57回目,1571804.000000,3906412.000000,3426873.000000,3423714.000000
58回目,1551596.000000,3869538.000000,3464439.000000,3453892.000000
59回目,1561186.000000,3815996.000000,3421609.000000,3457604.000000
60回目,1561186.000000,3815996.000000,3464439.000000,3442728.000000
61回目,1571804.000000,3866332.000000,3444255.000000,3466688.000000
62回目,1545684.000000,3841924.000000,3472641.000000,3435026.000000
63回目,1525090.000000,3905532.000000,3485081.000000,3430500.000000
64回目,1533400.000000,3866332.000000,3449447.000000,3466688.000000
65回目,1525090.000000,3868464.000000,3433327.000000,3466398.000000
66回目,1561186.000000,3891378.000000,3457183.000000,3466688.000000
67回目,1574048.000000,3881366.000000,3450479.000000,3452936.000000
68回目,1545684.000000,3861456.000000,3457449.000000,3466688.000000
69回目,1533400.000000,3898688.000000,3448483.000000,3457604.000000
70回目,1551596.000000,3869936.000000,3441691.000000,3466398.000000
71回目,1525090.000000,3850096.000000,3421609.000000,3453892.000000
72回目,1533364.000000,3865098.000000,3425015.000000,3466398.000000
73回目,1561528.000000,3895816.000000,3438153.000000,3466398.000000
74回目,1556260.000000,3866332.000000,3482345.000000,3459916.000000
75回目,1561528.000000,3883498.000000,3461811.000000,3423714.000000
76回目,1533400.000000,3891378.000000,3464439.000000,3442728.000000
77回目,1556260.000000,3866332.000000,3465619.000000,3442728.000000
78回目,1533364.000000,3910850.000000,3445349.000000,3429462.000000
79回目,1561528.000000,3830394.000000,3427157.000000,3429462.000000
80回目,1551596.000000,3898688.000000,3461811.000000,3435026.000000
81回目,1533364.000000,3905532.000000,3467801.000000,3435026.000000
82回目,1574048.000000,3898688.000000,3474163.000000,3459916.000000
83回目,1574048.000000,3868464.000000,3444105.000000,3429462.000000
84回目,1533364.000000,3841924.000000,3455127.000000,3466688.000000
85回目,1545684.000000,3890498.000000,3444255.000000,3429462.000000
86回目,1556260.000000,3883654.000000,3482345.000000,3459916.000000
87回目,1545684.000000,3890498.000000,3457449.000000,3466398.000000
88回目,1571804.000000,3881366.000000,3442085.000000,3457604.000000
89回目,1561186.000000,3868464.000000,3421609.000000,3457604.000000
90回目,1533400.000000,3890410.000000,3400635.000000,3435026.000000
91回目,1525090.000000,3890498.000000,3473177.000000,3457604.000000
92回目,1567046.000000,3841924.000000,3419277.000000,3466398.000000
93回目,1561528.000000,3872886.000000,3431115.000000,3423714.000000
94回目,1533400.000000,3868464.000000,3415481.000000,3442728.000000
95回目,1525090.000000,3850096.000000,3406001.000000,3453892.000000
96回目,1571804.000000,3866332.000000,3406001.000000,3453892.000000
97回目,1545684.000000,3865098.000000,3455773.000000,3457604.000000
98回目,1525090.000000,3841924.000000,3421609.000000,3435026.000000
99回目,1561186.000000,3866332.000000,3446713.000000,3423714.000000
100回目,1533364.000000,3905532.000000,3458441.000000,3459916.000000
101回目,1561528.000000,3898688.000000,3441691.000000,3459916.000000
102回目,1574048.000000,3846846.000000,3458331.000000,3453892.000000
103回目,1556260.000000,3880782.000000,3453319.000000,3466398.000000
104回目,1567046.000000,3868464.000000,3444255.000000,3452936.000000
105回目,1525090.000000,3846846.000000,3473177.000000,3453892.000000
106回目,1574048.000000,3850096.000000,3472827.000000,3435026.000000
107回目,1561186.000000,3910850.000000,3438153.000000,3452936.000000
108回目,1556260.000000,3872886.000000,3438153.000000,3442728.000000
109回目,1571804.000000,3905444.000000,3469927.000000,3453892.000000
110回目,1571804.000000,3869936.000000,3473177.000000,3429462.000000
111回目,1551596.000000,3869936.000000,3457449.000000,3442728.000000
112回目,1567046.000000,3866332.000000,3421609.000000,3442728.000000
113回目,1561186.000000,3872886.000000,3447199.000000,3423714.000000
114回目,1551596.000000,3880782.000000,3436671.000000,3423714.000000
115回目,1545684.000000,3872886.000000,3461811.000000,3459916.000000
116回目,1533400.000000,3883654.000000,3473177.000000,3459916.000000
117回目,1574048.000000,3856958.000000,3448663.000000,3466688.000000
118回目,1567046.000000,3869538.000000,3461811.000000,3452936.000000
119回目,1561186.000000,3841924.000000,3453707.000000,3459916.000000
120回目,1574048.000000,3865098.000000,3444255.000000,3442728.000000
121回目,1561186.000000,3881366.000000,3424731.000000,3453892.000000
122回目,1574048.000000,3883654.000000,3444255.000000,3429462.000000
123回目,1533364.000000,3890498.000000,3427157.000000,3423714.000000
124回目,1545684.000000,3905444.000000,3448483.000000,3457604.000000
125回目,1574048.000000,3875464.000000,3429009.000000,3459916.000000
126回目,1533364.000000,3895816.000000,3438153.000000,3430500.000000
127回目,1571804.000000,3846846.000000,3446319.000000,3452936.000000
128回目,1533364.000000,3887920.000000,3448483.000000,3457604.000000
129回目,1574048.000000,3872886.000000,3467559.000000,3442728.000000
130回目,1533400.000000,3850096.000000,3466263.000000,3466398.000000
131回目,1525090.000000,3872886.000000,3429677.000000,3459916.000000
132回目,1545684.000000,3856958.000000,3483647.000000,3466398.000000
133回目,1574048.000000,3856958.000000,3468935.000000,3429462.000000
134回目,1533364.000000,3868464.000000,3441691.000000,3429462.000000
135回目,1567046.000000,3910850.000000,3457449.000000,3466398.000000
136回目,1545684.000000,3883654.000000,3457167.000000,3459916.000000
137回目,1561186.000000,3846846.000000,3444255.000000,3429462.000000
138回目,1561528.000000,3861456.000000,3459445.000000,3459916.000000
139回目,1567046.000000,3918572.000000,3482345.000000,3423714.000000
140回目,1561528.000000,3830394.000000,3448483.000000,3423714.000000
141回目,1551596.000000,3917988.000000,3461889.000000,3457604.000000
142回目,1533400.000000,3906412.000000,3473177.000000,3466688.000000
143回目,1551596.000000,3872886.000000,3416045.000000,3466688.000000
144回目,1561528.000000,3881366.000000,3441691.000000,3453892.000000
145回目,1533364.000000,3895816.000000,3464691.000000,3435026.000000
146回目,1567046.000000,3890410.000000,3442693.000000,3435026.000000
147回目,1574048.000000,3902954.000000,3438153.000000,3423714.000000
148回目,1556260.000000,3861456.000000,3457449.000000,3435026.000000
149回目,1574048.000000,3846846.000000,3406001.000000,3430500.000000
150回目,1561186.000000,3861880.000000,3457449.000000,3452936.000000
151回目,1561186.000000,3869936.000000,3475965.000000,3453892.000000
152回目,1561528.000000,3846846.000000,3436951.000000,3423714.000000
153回目,1533364.000000,3868464.000000,3457449.000000,3442728.000000
154回目,1561528.000000,3891378.000000,3444255.000000,3442728.000000
155回目,1561528.000000,3861456.000000,3457449.000000,3423714.000000
156回目,1525090.000000,3898688.000000,3438153.000000,3435026.000000
157回目,1545684.000000,3890498.000000,3447277.000000,3452936.000000
158回目,1571804.000000,3866332.000000,3454315.000000,3459916.000000
159回目,1571804.000000,3890498.000000,3438153.000000,3442728.000000
160回目,1545684.000000,3905532.000000,3448483.000000,3459916.000000
161回目,1545684.000000,3905444.000000,3448483.000000,3453892.000000
162回目,1574048.000000,3850096.000000,3444255.000000,3466398.000000
163回目,1574048.000000,3883498.000000,3406001.000000,3442728.000000
164回目,1545684.000000,3830394.000000,3448483.000000,3430500.000000
165回目,1551596.000000,3910850.000000,3436671.000000,3466688.000000
166回目,1571804.000000,3905532.000000,3449865.000000,3453892.000000
167回目,1571804.000000,3890410.000000,3434181.000000,3423714.000000
168回目,1545684.000000,3815996.000000,3447425.000000,3452936.000000
169回目,1533400.000000,3921446.000000,3412271.000000,3466688.000000
170回目,1551596.000000,3846846.000000,3473663.000000,3466398.000000
171回目,1551596.000000,3902954.000000,3441691.000000,3442728.000000
172回目,1571804.000000,3887920.000000,3406001.000000,3466688.000000
173回目,1567046.000000,3880782.000000,3448483.000000,3466398.000000
174回目,1551596.000000,3895816.000000,3456657.000000,3430500.000000
175回目,1574048.000000,3880782.000000,3448483.000000,3429462.000000
176回目,1556260.000000,3895816.000000,3470921.000000,3466688.000000
177回目,1571804.000000,3881366.000000,3468383.000000,3459916.000000
178回目,1556260.000000,3868464.000000,3448483.000000,3435026.000000
179回目,1533400.000000,3888504.000000,3444255.000000,3442728.000000
180回目,1561186.000000,3873010.000000,3464439.000000,3430500.000000
181回目,1551596.000000,3906412.000000,3482345.000000,3466688.000000
182回目,1533400.000000,3872886.000000,3459335.000000,3466398.000000
183回目,1545684.000000,3890498.000000,3448483.000000,3435026.000000
184回目,1533400.000000,3861880.000000,3465587.000000,3459916.000000
185回目,1561528.000000,3877798.000000,3439347.000000,3453892.000000
186回目,1545684.000000,3883498.000000,3461811.000000,3423714.000000
187回目,1574048.000000,3871992.000000,3448483.000000,3423714.000000
188回目,1574048.000000,3872886.000000,3444105.000000,3430500.000000
189回目,1545684.000000,3871992.000000,3441691.000000,3453892.000000
190回目,1525090.000000,3905444.000000,3486579.000000,3466688.000000
191回目,1525090.000000,3846846.000000,3441691.000000,3457604.000000
192回目,1545684.000000,3815996.000000,3550285.000000,3430500.000000
193回目,1545684.000000,3865098.000000,3461811.000000,3459916.000000
194回目,1561186.000000,3841924.000000,3406001.000000,3429462.000000
195回目,1571804.000000,3866332.000000,3444255.000000,3442728.000000
196回目,1574048.000000,3872886.000000,3465301.000000,3435026.000000
197回目,1567046.000000,3895816.000000,3420379.000000,3466688.000000
198回目,1545684.000000,3898688.000000,3456053.000000,3453892.000000
199回目,1525090.000000,3925884.000000,3457577.000000,3429462.000000
200回目,1533364.000000,3880782.000000,3455933.000000,3453892.000000
201回目,1551596.000000,3898688.000000,3429309.000000,3429462.000000
202回目,1551596.000000,3872886.000000,3432285.000000,3435026.000000
203回目,1533364.000000,3869538.000000,3425389.000000,3429462.000000
204回目,1574048.000000,3873010.000000,3461811.000000,3442728.000000
205回目,1567046.000000,3905444.000000,3457449.000000,3457604.000000
206回目,1571804.000000,3868464.000000,3462905.000000,3442728.000000
207回目,1533364.000000,3866332.000000,3433763.000000,3466398.000000
208回目,1561528.000000,3877798.000000,3450121.000000,3429462.000000
209回目,1533400.000000,3872886.000000,3470719.000000,3452936.000000
210回目,1567046.000000,3906412.000000,3421609.000000,3453892.000000
211回目,1533364.000000,3890498.000000,3443401.000000,3459916.000000
212回目,1551596.000000,3891378.000000,3448483.000000,3452936.000000
213回目,1561186.000000,3921446.000000,3448483.000000,3466398.000000
214回目,1556260.000000,3898688.000000,3438153.000000,3453892.000000
215回目,1561186.000000,3875464.000000,3438153.000000,3435026.000000
216回目,1525090.000000,3890498.000000,3438153.000000,3466398.000000
217回目,1561528.000000,3865098.000000,3441691.000000,3459916.000000
218回目,1545684.000000,3865098.000000,3447431.000000,3429462.000000
219回目,1561528.000000,3895816.000000,3441691.000000,3453892.000000
220回目,1556260.000000,3841924.000000,3438153.000000,3452936.000000
221回目,1525090.000000,3883498.000000,3464439.000000,3435026.000000
222回目,1571804.000000,3877798.000000,3463623.000000,3423714.000000
223回目,1571804.000000,3868464.000000,3457449.000000,3459916.000000
224回目,1567046.000000,3883498.000000,3444599.000000,3452936.000000
225回目,1556260.000000,3846846.000000,3441691.000000,3466688.000000
226回目,1574048.000000,3841924.000000,3440513.000000,3442728.000000
227回目,1525090.000000,3891378.000000,3435861.000000,3459916.000000
228回目,1574048.000000,3903538.000000,3464711.000000,3423714.000000
229回目,1533400.000000,3846846.000000,3448483.000000,3466688.000000
230回目,1561528.000000,3920478.000000,3436951.000000,3423714.000000
231回目,1551596.000000,3872886.000000,3436991.000000,3457604.000000
232回目,1533400.000000,3850096.000000,3438153.000000,3453892.000000
233回目,1571804.000000,3871992.000000,3440215.000000,3429462.000000
234回目,1556260.000000,3890498.000000,3473177.000000,3459916.000000
235回目,1545684.000000,3903538.000000,3464439.000000,3459916.000000
236回目,1567046.000000,3906412.000000,3467971.000000,3466398.000000
237回目,1525090.000000,3903538.000000,3482345.000000,3429462.000000
238回目,1551596.000000,3861456.000000,3444255.000000,3435026.000000
239回目,1567046.000000,3869538.000000,3441691.000000,3457604.000000
240回目,1525090.000000,3895816.000000,3451773.000000,3430500.000000
241回目,1556260.000000,3875464.000000,3412019.000000,3459916.000000
242回目,1571804.000000,3890498.000000,3406001.000000,3459916.000000
243回目,1574048.000000,3856958.000000,3438153.000000,3442728.000000
244回目,1551596.000000,3890410.000000,3438003.000000,3466398.000000
245回目,1571804.000000,3888504.000000,3409533.000000,3435026.000000
246回目,1561186.000000,3877798.000000,3457449.000000,3423714.000000
247回目,1551596.000000,3861880.000000,3467373.000000,3459916.000000
248回目,1551596.000000,3880782.000000,3434435.000000,3442728.000000
249回目,1567046.000000,3910850.000000,3431561.000000,3423714.000000
250回目,1567046.000000,3869936.000000,3464439.000000,3430500.000000
