SimTime,GPSR,NGPSR,NPGPSR,NDGPSR
1回目,64.540600,396.407000,272.704000,121.832000
2回目,64.669600,399.291000,271.380000,122.009000
3回目,63.773600,393.188000,269.096000,121.544000
4回目,63.842800,395.983000,272.321000,122.486000
5回目,64.444000,400.971000,272.178000,121.360000
6回目,64.592100,393.421000,272.226000,122.306000
7回目,64.721300,396.396000,271.720000,120.829000
8回目,65.273300,396.302000,272.295000,123.503000
9回目,65.307500,395.894000,271.976000,121.385000
10回目,65.131500,394.933000,272.096000,123.053000
11回目,63.726800,397.319000,271.791000,122.861000
12回目,64.587900,397.500000,271.434000,122.015000
13回目,64.326500,396.701000,273.054000,122.312000
14回目,64.658700,393.649000,271.755000,122.941000
15回目,64.392500,396.497000,273.204000,122.924000
16回目,64.695400,394.831000,272.689000,120.962000
17回目,65.809200,393.314000,268.250000,122.785000
18回目,65.155000,395.969000,271.536000,121.799000
19回目,64.532300,403.602000,271.518000,123.350000
20回目,64.596200,405.087000,274.206000,124.130000
21回目,63.987400,389.138000,271.651000,123.598000
22回目,64.817900,398.677000,270.597000,122.634000
23回目,64.250000,394.474000,273.505000,121.655000
24回目,64.770800,392.902000,272.137000,122.163000
25回目,64.964900,399.504000,272.380000,122.532000
26回目,65.309000,393.504000,271.041000,123.016000
27回目,64.530400,395.478000,271.283000,122.158000
28回目,64.375300,398.643000,271.342000,123.020000
29回目,64.261700,394.178000,270.854000,123.283000
30回目,65.522300,394.255000,271.633000,123.528000
31回目,64.821200,396.834000,272.296000,122.151000
32回目,64.739800,399.678000,272.517000,122.446000
33回目,65.135100,401.737000,270.946000,121.851000
34回目,64.277200,400.489000,272.250000,121.452000
35回目,63.690100,398.756000,271.049000,121.874000
36回目,64.516100,398.420000,271.076000,121.780000
37回目,64.536200,396.327000,273.095000,121.747000
38回目,63.901900,397.843000,272.614000,123.156000
39回目,64.486500,395.852000,272.689000,122.959000
40回目,64.151600,400.162000,272.796000,122.031000
41回目,65.250100,400.761000,271.792000,121.850000
42回目,64.744500,397.167000,271.725000,121.111000
43回目,64.393700,403.863000,271.608000,120.829000
44回目,65.384000,393.251000,273.171000,122.490000
45回目,65.192100,400.267000,272.467000,123.070000
46回目,64.132200,402.930000,269.059000,121.342000
47回目,64.336200,398.560000,273.545000,122.771000
48回目,63.620500,399.610000,270.973000,128.096000
49回目,64.511000,399.744000,269.808000,122.471000
50回目,64.972200,397.027000,272.885000,120.807000
51回目,63.405400,401.969000,273.578000,122.993000
52回目,64.169700,393.968000,272.901000,123.264000
53回目,64.539200,398.257000,273.049000,120.611000
54回目,63.388200,400.503000,271.281000,122.509000
55回目,62.921800,397.918000,271.339000,122.326000
56回目,64.480400,397.008000,269.048000,122.827000
57回目,64.233700,398.167000,273.629000,121.633000
58回目,65.494600,392.761000,269.916000,122.790000
59回目,63.832800,402.557000,271.643000,121.655000
60回目,65.527200,397.080000,269.531000,121.305000
61回目,64.049700,397.315000,269.276000,122.696000
62回目,63.985700,399.510000,273.017000,121.373000
63回目,65.315200,395.172000,271.524000,122.139000
64回目,64.506700,395.552000,271.244000,122.578000
65回目,63.353400,396.199000,272.511000,121.153000
66回目,64.730100,393.677000,271.706000,122.774000
67回目,64.517900,397.373000,273.460000,122.099000
68回目,63.424900,395.826000,273.117000,123.633000
69回目,64.656300,395.627000,272.105000,123.116000
70回目,64.583600,399.991000,272.861000,122.438000
71回目,63.299300,398.135000,273.168000,122.379000
72回目,64.931900,399.847000,272.661000,122.771000
73回目,64.648500,395.774000,271.202000,123.215000
74回目,63.859100,393.717000,272.755000,122.157000
75回目,65.155500,389.766000,270.906000,123.643000
76回目,64.737900,398.259000,272.746000,122.112000
77回目,63.739700,393.882000,272.787000,121.962000
78回目,64.349400,395.990000,271.524000,122.147000
79回目,63.803500,396.906000,270.439000,122.068000
80回目,64.360800,393.688000,272.328000,124.102000
81回目,66.225300,392.022000,272.249000,124.354000
82回目,64.393200,396.235000,271.454000,122.643000
83回目,64.352200,399.595000,270.884000,122.544000
84回目,64.694900,399.750000,269.132000,121.941000
85回目,63.925100,400.835000,269.466000,123.700000
86回目,64.668100,394.338000,270.219000,121.914000
87回目,64.805800,399.267000,272.854000,123.005000
88回目,65.010600,395.624000,272.880000,122.763000
89回目,64.717400,397.521000,269.155000,121.542000
90回目,64.532200,399.119000,270.858000,121.810000
91回目,63.827300,395.899000,272.957000,122.503000
92回目,64.794400,403.166000,269.734000,122.593000
93回目,64.175700,390.815000,271.040000,122.623000
94回目,65.301700,396.817000,272.616000,120.721000
95回目,64.573400,399.013000,272.603000,123.165000
96回目,64.857500,392.969000,272.543000,122.421000
97回目,64.437700,398.038000,272.972000,121.589000
98回目,65.076200,399.468000,272.988000,122.451000
99回目,63.460900,396.395000,270.280000,122.157000
100回目,63.706500,396.796000,272.274000,122.205000
101回目,64.263000,401.117000,271.968000,123.172000
102回目,64.048800,396.025000,272.981000,122.032000
103回目,64.905700,401.736000,271.934000,121.867000
104回目,65.482600,396.918000,272.948000,120.612000
105回目,64.020800,394.101000,272.692000,122.548000
106回目,65.411700,397.390000,274.455000,123.152000
107回目,63.496100,408.670000,271.227000,121.468000
108回目,63.798000,399.179000,270.630000,123.834000
109回目,64.718700,399.464000,272.696000,122.051000
110回目,64.072900,398.881000,272.406000,122.659000
111回目,65.744300,396.024000,273.644000,122.828000
112回目,64.458400,393.009000,272.068000,121.693000
113回目,64.653600,395.067000,272.659000,122.324000
114回目,63.952100,399.912000,271.277000,123.014000
115回目,64.757900,400.047000,271.963000,122.866000
116回目,64.174800,397.814000,272.342000,120.246000
117回目,64.182400,397.359000,270.952000,121.906000
118回目,65.310800,400.452000,272.609000,121.877000
119回目,64.792900,399.254000,268.939000,122.632000
120回目,64.661100,401.467000,271.598000,123.060000
121回目,63.933900,395.311000,272.355000,122.521000
122回目,65.159100,399.010000,269.237000,121.673000
123回目,64.847600,396.170000,271.572000,121.808000
124回目,64.183300,397.184000,273.851000,122.408000
125回目,65.766900,393.466000,272.774000,122.305000
126回目,65.212500,396.269000,271.976000,121.570000
127回目,64.651800,396.390000,271.467000,121.877000
128回目,64.870200,400.617000,272.254000,122.929000
129回目,63.659800,392.222000,272.231000,122.194000
130回目,63.860800,403.219000,272.653000,120.936000
131回目,64.093000,392.247000,272.141000,124.331000
132回目,63.611500,393.579000,273.091000,122.866000
133回目,64.146900,397.580000,272.027000,123.020000
134回目,65.182000,390.826000,271.934000,121.301000
135回目,64.093900,396.004000,273.516000,124.530000
136回目,65.198200,398.500000,271.633000,122.756000
137回目,64.862100,395.734000,270.484000,121.670000
138回目,64.408000,397.186000,271.959000,122.689000
139回目,62.973200,394.683000,276.142000,123.420000
140回目,63.483900,404.005000,271.073000,121.038000
141回目,64.226200,397.122000,271.451000,122.517000
142回目,64.559200,394.505000,270.768000,122.449000
143回目,64.709200,398.425000,271.955000,123.843000
144回目,65.025100,393.415000,272.783000,122.490000
145回目,64.145100,397.559000,270.406000,122.529000
146回目,63.269800,393.577000,271.526000,122.522000
147回目,65.323900,403.077000,273.373000,122.522000
148回目,64.355600,401.127000,271.877000,121.517000
149回目,64.968500,395.352000,272.544000,122.422000
150回目,62.858200,397.284000,271.653000,122.462000
151回目,62.944500,398.265000,270.561000,121.977000
152回目,64.655800,394.765000,268.323000,122.376000
153回目,65.506400,392.846000,271.776000,123.060000
154回目,64.487900,393.602000,273.691000,122.157000
155回目,63.933000,398.984000,271.758000,123.108000
156回目,63.472600,393.770000,269.338000,121.650000
157回目,63.768800,401.099000,270.285000,122.623000
158回目,64.018600,398.804000,273.007000,121.534000
159回目,65.040800,397.641000,269.352000,121.768000
160回目,63.624100,395.422000,269.985000,122.396000
161回目,63.455600,395.325000,270.665000,123.156000
162回目,64.738000,396.593000,270.037000,122.924000
163回目,65.043100,400.619000,272.399000,121.723000
164回目,64.982800,397.160000,270.991000,122.651000
165回目,66.373400,394.836000,269.258000,123.202000
166回目,63.868400,398.891000,273.648000,122.297000
167回目,63.831400,398.162000,272.865000,122.148000
168回目,64.271600,400.759000,272.121000,121.581000
169回目,64.176900,397.253000,272.577000,122.557000
170回目,63.803100,393.886000,272.982000,122.203000
171回目,64.479300,390.525000,271.558000,124.336000
172回目,64.319800,392.739000,271.393000,121.806000
173回目,64.013300,395.369000,272.059000,121.865000
174回目,63.651800,393.730000,271.541000,122.730000
175回目,64.682000,396.998000,269.425000,122.547000
176回目,65.266900,397.112000,271.510000,122.539000
177回目,64.484300,396.289000,274.141000,122.623000
178回目,64.932200,394.665000,272.953000,123.263000
179回目,64.237300,393.573000,270.678000,123.188000
180回目,63.310500,399.977000,271.949000,122.133000
181回目,63.961500,400.522000,272.349000,121.911000
182回目,64.943400,401.507000,272.372000,121.071000
183回目,65.370500,399.705000,272.081000,122.431000
184回目,65.738900,397.562000,273.676000,122.880000
185回目,64.290300,394.308000,271.964000,123.295000
186回目,63.903500,400.297000,272.387000,120.771000
187回目,64.422900,397.319000,271.705000,121.978000
188回目,63.638400,396.854000,270.608000,122.932000
189回目,64.679900,399.393000,272.001000,123.475000
190回目,63.973900,396.447000,273.258000,123.213000
191回目,64.566300,393.308000,272.308000,123.585000
192回目,64.102600,393.989000,272.709000,121.310000
193回目,65.189000,397.881000,269.751000,122.793000
194回目,63.821600,397.526000,273.357000,121.580000
195回目,64.890200,402.266000,271.100000,122.564000
196回目,64.227900,399.241000,272.636000,121.829000
197回目,64.607000,402.224000,271.221000,121.741000
198回目,63.984600,400.714000,272.859000,123.256000
199回目,63.435300,395.673000,272.313000,122.942000
200回目,64.960200,404.796000,272.886000,122.521000
201回目,64.177300,397.151000,271.057000,120.773000
202回目,64.060800,401.613000,273.061000,124.285000
203回目,64.295000,398.233000,273.034000,123.600000
204回目,64.459300,428.896000,272.885000,122.731000
205回目,64.470200,397.384000,270.089000,123.336000
206回目,65.184500,394.749000,269.937000,121.182000
207回目,64.917900,393.101000,270.548000,122.879000
208回目,63.654200,403.382000,270.135000,120.669000
209回目,64.180600,398.192000,271.574000,120.656000
210回目,64.131700,393.812000,272.355000,121.759000
211回目,64.781200,396.676000,272.372000,123.190000
212回目,64.127500,397.303000,273.195000,120.738000
213回目,64.365100,393.565000,270.141000,122.000000
214回目,64.376300,401.299000,269.488000,123.144000
215回目,64.574500,400.852000,269.909000,122.369000
216回目,65.230200,396.608000,272.326000,122.239000
217回目,63.858600,401.297000,270.766000,122.108000
218回目,65.692500,405.348000,269.406000,121.407000
219回目,64.697600,394.533000,273.165000,123.097000
220回目,65.148200,397.562000,270.180000,122.258000
221回目,65.761500,396.405000,273.087000,123.245000
222回目,65.444300,398.376000,271.786000,122.021000
223回目,64.352700,399.204000,272.677000,123.507000
224回目,63.179800,392.143000,271.224000,123.442000
225回目,65.411400,394.188000,272.521000,120.836000
226回目,64.055800,397.214000,271.091000,122.566000
227回目,64.972200,402.852000,270.008000,122.344000
228回目,64.174900,396.872000,272.041000,122.926000
229回目,64.434900,397.237000,271.249000,120.919000
230回目,63.595800,397.212000,271.715000,123.308000
231回目,65.594900,396.982000,272.903000,123.036000
232回目,65.200200,391.820000,270.096000,121.816000
233回目,64.834500,397.759000,272.562000,123.961000
234回目,64.634700,396.159000,273.354000,122.901000
235回目,64.500400,395.264000,269.187000,122.535000
236回目,63.311500,394.790000,270.905000,122.738000
237回目,64.664900,407.785000,271.528000,122.951000
238回目,64.211400,402.587000,272.807000,122.270000
239回目,64.913600,399.935000,270.342000,124.057000
240回目,63.553600,396.174000,271.825000,121.689000
241回目,65.253500,398.662000,272.687000,122.855000
242回目,65.137700,395.106000,274.157000,122.812000
243回目,64.067900,395.258000,269.893000,123.972000
244回目,64.875400,393.362000,272.812000,120.197000
245回目,64.921900,404.040000,271.743000,121.551000
246回目,63.229400,399.383000,270.962000,123.993000
247回目,65.111400,397.842000,271.752000,122.848000
248回目,64.926500,397.538000,270.273000,123.283000
249回目,64.700800,393.614000,272.266000,122.188000
250回目,64.636300,398.601000,272.547000,122.308000
