HopNum,GPSR,NGPSR,NPGPSR,NDGPSR
1回目,1.484850,1.719510,1.684210,1.662340
2回目,1.557140,1.719510,1.732560,1.725000
3回目,1.484850,1.734940,1.683540,1.691360
4回目,1.515150,1.726190,1.740740,1.707320
5回目,1.435480,1.714290,1.688310,1.725000
6回目,1.484850,1.747130,1.688310,1.732560
7回目,1.500000,1.752940,1.727270,1.725000
8回目,1.379310,1.734940,1.683540,1.662340
9回目,1.484850,1.752940,1.725000,1.734940
10回目,1.460320,1.719510,1.683540,1.725000
11回目,1.500000,1.714290,1.675680,1.707320
12回目,1.379310,1.734940,1.716050,1.737500
13回目,1.423730,1.728400,1.712500,1.725000
14回目,1.423730,1.728400,1.688310,1.725000
15回目,1.515150,1.714290,1.684210,1.726190
16回目,1.362070,1.747130,1.732560,1.725000
17回目,1.619720,1.752940,1.679490,1.734940
18回目,1.460320,1.741180,1.696200,1.691360
19回目,1.500000,1.734940,1.710840,1.734180
20回目,1.605630,1.726190,1.700000,1.734940
21回目,1.379310,1.708860,1.688310,1.726190
22回目,1.460320,1.734940,1.693330,1.726190
23回目,1.362070,1.725000,1.725000,1.726190
24回目,1.619720,1.728400,1.698800,1.732560
25回目,1.619720,1.726190,1.712500,1.662340
26回目,1.435480,1.719510,1.684210,1.734940
27回目,1.557140,1.696200,1.688310,1.701300
28回目,1.557140,1.752940,1.683540,1.726190
29回目,1.460320,1.726190,1.732560,1.726190
30回目,1.515150,1.696200,1.712500,1.662340
31回目,1.460320,1.708860,1.679490,1.691360
32回目,1.423730,1.752940,1.688310,1.737500
33回目,1.515150,1.728400,1.700000,1.707320
34回目,1.435480,1.696200,1.755810,1.734940
35回目,1.379310,1.734940,1.705130,1.737500
36回目,1.515150,1.734940,1.700000,1.732560
37回目,1.605630,1.716050,1.725000,1.734940
38回目,1.484850,1.747130,1.721520,1.725000
39回目,1.557140,1.725000,1.721520,1.707320
40回目,1.460320,1.716050,1.692310,1.734940
41回目,1.500000,1.728400,1.712500,1.737500
42回目,1.605630,1.719510,1.708860,1.725000
43回目,1.500000,1.725000,1.707870,1.707320
44回目,1.460320,1.741180,1.716050,1.726190
45回目,1.557140,1.714290,1.684210,1.732560
46回目,1.557140,1.719510,1.701300,1.707320
47回目,1.423730,1.734940,1.662160,1.737500
48回目,1.605630,1.725000,1.683540,1.701300
49回目,1.515150,1.719510,1.712500,1.662340
50回目,1.619720,1.728400,1.714290,1.662340
51回目,1.484850,1.696200,1.698800,1.707320
52回目,1.484850,1.696200,1.687500,1.662340
53回目,1.500000,1.728400,1.729410,1.662340
54回目,1.619720,1.725000,1.744190,1.662340
55回目,1.460320,1.747130,1.683540,1.701300
56回目,1.557140,1.719510,1.675320,1.707320
57回目,1.484850,1.719510,1.712500,1.701300
58回目,1.460320,1.714290,1.683540,1.725000
59回目,1.435480,1.719510,1.712500,1.734180
60回目,1.379310,1.725000,1.688310,1.725000
61回目,1.362070,1.752940,1.721520,1.691360
62回目,1.515150,1.734940,1.716050,1.726190
63回目,1.605630,1.719510,1.726190,1.732560
64回目,1.500000,1.696200,1.701300,1.707320
65回目,1.515150,1.714290,1.703700,1.726190
66回目,1.500000,1.716050,1.671050,1.701300
67回目,1.605630,1.725000,1.675320,1.707320
68回目,1.423730,1.725000,1.696200,1.737500
69回目,1.557140,1.725000,1.684210,1.734940
70回目,1.423730,1.725000,1.732560,1.734940
71回目,1.435480,1.726190,1.688310,1.707320
72回目,1.605630,1.696200,1.800000,1.691360
73回目,1.500000,1.725000,1.696200,1.734180
74回目,1.515150,1.728400,1.726190,1.662340
75回目,1.515150,1.696200,1.696200,1.734940
76回目,1.435480,1.734940,1.679490,1.732560
77回目,1.362070,1.725000,1.692310,1.734180
78回目,1.605630,1.708860,1.732560,1.691360
79回目,1.484850,1.719510,1.732560,1.725000
80回目,1.423730,1.734940,1.700000,1.732560
81回目,1.362070,1.708860,1.683540,1.725000
82回目,1.435480,1.747130,1.734940,1.734180
83回目,1.362070,1.716050,1.683540,1.732560
84回目,1.362070,1.728400,1.726190,1.691360
85回目,1.379310,1.716050,1.684210,1.734180
86回目,1.500000,1.696200,1.684210,1.726190
87回目,1.605630,1.747130,1.712500,1.726190
88回目,1.460320,1.714290,1.688310,1.707320
89回目,1.362070,1.708860,1.721520,1.725000
90回目,1.460320,1.728400,1.683540,1.734940
91回目,1.435480,1.734940,1.731710,1.725000
92回目,1.500000,1.719510,1.712500,1.662340
93回目,1.423730,1.726190,1.722890,1.734940
94回目,1.435480,1.734940,1.728400,1.737500
95回目,1.605630,1.726190,1.679490,1.701300
96回目,1.460320,1.726190,1.701300,1.691360
97回目,1.362070,1.719510,1.732560,1.725000
98回目,1.619720,1.726190,1.721520,1.734180
99回目,1.460320,1.719510,1.722890,1.725000
100回目,1.460320,1.734940,1.679490,1.734940
101回目,1.619720,1.741180,1.705130,1.662340
102回目,1.435480,1.734940,1.705130,1.734940
103回目,1.435480,1.728400,1.734940,1.707320
104回目,1.435480,1.726190,1.700000,1.726190
105回目,1.515150,1.726190,1.679490,1.737500
106回目,1.619720,1.747130,1.683540,1.732560
107回目,1.605630,1.728400,1.689190,1.691360
108回目,1.619720,1.741180,1.712500,1.732560
109回目,1.500000,1.716050,1.716050,1.725000
110回目,1.484850,1.714290,1.707320,1.726190
111回目,1.557140,1.719510,1.719510,1.691360
112回目,1.484850,1.747130,1.683540,1.726190
113回目,1.460320,1.714290,1.683540,1.725000
114回目,1.460320,1.696200,1.692310,1.725000
115回目,1.362070,1.714290,1.712500,1.701300
116回目,1.423730,1.719510,1.732560,1.662340
117回目,1.557140,1.734940,1.644740,1.737500
118回目,1.423730,1.734940,1.755560,1.707320
119回目,1.379310,1.719510,1.683540,1.707320
120回目,1.605630,1.734940,1.671050,1.726190
121回目,1.460320,1.726190,1.712500,1.737500
122回目,1.435480,1.734940,1.692310,1.734180
123回目,1.423730,1.696200,1.725000,1.725000
124回目,1.435480,1.726190,1.716050,1.707320
125回目,1.500000,1.728400,1.676060,1.662340
126回目,1.423730,1.696200,1.700000,1.734940
127回目,1.423730,1.714290,1.680000,1.726190
128回目,1.435480,1.741180,1.707320,1.662340
129回目,1.435480,1.719510,1.683540,1.707320
130回目,1.515150,1.716050,1.712500,1.725000
131回目,1.362070,1.741180,1.688310,1.691360
132回目,1.500000,1.708860,1.679490,1.725000
133回目,1.605630,1.708860,1.712500,1.726190
134回目,1.362070,1.719510,1.750000,1.737500
135回目,1.605630,1.741180,1.716050,1.734940
136回目,1.500000,1.726190,1.746840,1.737500
137回目,1.515150,1.741180,1.700000,1.726190
138回目,1.619720,1.728400,1.675320,1.707320
139回目,1.460320,1.719510,1.712500,1.734180
140回目,1.379310,1.696200,1.675320,1.726190
141回目,1.423730,1.728400,1.722890,1.732560
142回目,1.484850,1.752940,1.730770,1.734180
143回目,1.379310,1.719510,1.692310,1.691360
144回目,1.379310,1.741180,1.716050,1.725000
145回目,1.435480,1.734940,1.719510,1.701300
146回目,1.423730,1.734940,1.712500,1.662340
147回目,1.379310,1.728400,1.712500,1.726190
148回目,1.605630,1.716050,1.692310,1.691360
149回目,1.605630,1.714290,1.697370,1.707320
150回目,1.500000,1.726190,1.693330,1.662340
151回目,1.557140,1.741180,1.680000,1.726190
152回目,1.500000,1.726190,1.725000,1.732560
153回目,1.423730,1.726190,1.688310,1.734180
154回目,1.619720,1.714290,1.721520,1.725000
155回目,1.605630,1.719510,1.721520,1.726190
156回目,1.435480,1.696200,1.716050,1.734940
157回目,1.619720,1.726190,1.716050,1.725000
158回目,1.515150,1.726190,1.712500,1.701300
159回目,1.515150,1.726190,1.688310,1.725000
160回目,1.515150,1.714290,1.700000,1.691360
161回目,1.435480,1.714290,1.688310,1.734940
162回目,1.460320,1.747130,1.732560,1.737500
163回目,1.515150,1.719510,1.708860,1.732560
164回目,1.619720,1.747130,1.728400,1.737500
165回目,1.435480,1.714290,1.683540,1.732560
166回目,1.460320,1.728400,1.694120,1.734940
167回目,1.379310,1.725000,1.721520,1.734940
168回目,1.557140,1.714290,1.683540,1.734940
169回目,1.605630,1.716050,1.712500,1.701300
170回目,1.619720,1.734940,1.700000,1.707320
171回目,1.484850,1.752940,1.712500,1.725000
172回目,1.423730,1.752940,1.732560,1.691360
173回目,1.423730,1.728400,1.712500,1.691360
174回目,1.423730,1.716050,1.712500,1.725000
175回目,1.500000,1.747130,1.712500,1.734940
176回目,1.435480,1.696200,1.721520,1.707320
177回目,1.460320,1.747130,1.750000,1.725000
178回目,1.557140,1.719510,1.710530,1.734180
179回目,1.557140,1.726190,1.725000,1.707320
180回目,1.619720,1.728400,1.708860,1.725000
181回目,1.423730,1.714290,1.738100,1.732560
182回目,1.379310,1.719510,1.714290,1.734940
183回目,1.619720,1.719510,1.688310,1.732560
184回目,1.435480,1.708860,1.710530,1.726190
185回目,1.605630,1.747130,1.732560,1.734940
186回目,1.362070,1.716050,1.683540,1.691360
187回目,1.484850,1.696200,1.716050,1.726190
188回目,1.460320,1.719510,1.720000,1.725000
189回目,1.460320,1.696200,1.683540,1.726190
190回目,1.362070,1.752940,1.679490,1.732560
191回目,1.557140,1.714290,1.752940,1.662340
192回目,1.379310,1.741180,1.714290,1.725000
193回目,1.423730,1.734940,1.684210,1.701300
194回目,1.619720,1.726190,1.728400,1.737500
195回目,1.379310,1.734940,1.715910,1.662340
196回目,1.379310,1.725000,1.688310,1.734940
197回目,1.423730,1.726190,1.717950,1.701300
198回目,1.619720,1.719510,1.688310,1.732560
199回目,1.515150,1.752940,1.700000,1.707320
200回目,1.557140,1.714290,1.732560,1.707320
201回目,1.460320,1.716050,1.712500,1.691360
202回目,1.423730,1.734940,1.750000,1.734940
203回目,1.605630,1.726190,1.716050,1.707320
204回目,1.500000,1.752940,1.688310,1.701300
205回目,1.423730,1.747130,1.730770,1.662340
206回目,1.557140,1.728400,1.712500,1.734180
207回目,1.500000,1.728400,1.688310,1.734940
208回目,1.362070,1.728400,1.712500,1.734940
209回目,1.619720,1.719510,1.716050,1.732560
210回目,1.515150,1.719510,1.688310,1.725000
211回目,1.515150,1.719510,1.701300,1.662340
212回目,1.605630,1.728400,1.732560,1.737500
213回目,1.619720,1.752940,1.732560,1.737500
214回目,1.500000,1.716050,1.703700,1.732560
215回目,1.362070,1.719510,1.721520,1.701300
216回目,1.460320,1.741180,1.732560,1.701300
217回目,1.460320,1.734940,1.671050,1.707320
218回目,1.362070,1.708860,1.688310,1.725000
219回目,1.500000,1.726190,1.688310,1.691360
220回目,1.484850,1.741180,1.712500,1.726190
221回目,1.379310,1.726190,1.721520,1.737500
222回目,1.619720,1.734940,1.683540,1.725000
223回目,1.435480,1.725000,1.712500,1.726190
224回目,1.379310,1.747130,1.684210,1.737500
225回目,1.362070,1.726190,1.683540,1.701300
226回目,1.557140,1.731710,1.726190,1.725000
227回目,1.379310,1.728400,1.712500,1.734940
228回目,1.379310,1.731710,1.712500,1.725000
229回目,1.605630,1.741180,1.732560,1.726190
230回目,1.515150,1.741180,1.688310,1.691360
231回目,1.435480,1.716050,1.687500,1.732560
232回目,1.379310,1.741180,1.741180,1.701300
233回目,1.500000,1.714290,1.700000,1.725000
234回目,1.423730,1.734940,1.679490,1.725000
235回目,1.423730,1.734940,1.727270,1.734180
236回目,1.362070,1.719510,1.688310,1.662340
237回目,1.435480,1.734940,1.679490,1.701300
238回目,1.460320,1.734940,1.683540,1.662340
239回目,1.557140,1.734940,1.684210,1.725000
240回目,1.557140,1.714290,1.732560,1.734940
241回目,1.423730,1.714290,1.684210,1.734940
242回目,1.515150,1.716050,1.698800,1.725000
243回目,1.460320,1.726190,1.753090,1.737500
244回目,1.435480,1.719510,1.688310,1.726190
245回目,1.557140,1.747130,1.741180,1.734180
246回目,1.515150,1.714290,1.726190,1.725000
247回目,1.605630,1.719510,1.679490,1.726190
248回目,1.515150,1.752940,1.644740,1.734940
249回目,1.423730,1.708860,1.732560,1.734940
250回目,1.605630,1.741180,1.683540,1.725000
