Overhead,GPSR,NGPSR,NPGPSR,NDGPSR
1回目,860884.000000,2029078.000000,1808414.000000,1806513.000000
2回目,872042.000000,2014194.000000,1778100.000000,1798705.000000
3回目,860884.000000,1979840.000000,1795618.000000,1796673.000000
4回目,901554.000000,1995674.000000,1799904.000000,1785271.000000
5回目,864192.000000,1997306.000000,1812882.000000,1788103.000000
6回目,860884.000000,1985622.000000,1794504.000000,1764601.000000
7回目,873240.000000,1989596.000000,1814362.000000,1788103.000000
8回目,876374.000000,2006558.000000,1802300.000000,1806513.000000
9回目,860884.000000,1989596.000000,1815696.000000,1802465.000000
10回目,887738.000000,2029078.000000,1802300.000000,1798705.000000
11回目,873240.000000,2034786.000000,1818400.000000,1785271.000000
12回目,876374.000000,1969696.000000,1780482.000000,1788137.000000
13回目,879760.000000,2007192.000000,1789448.000000,1798705.000000
14回目,879760.000000,1999750.000000,1799500.000000,1788103.000000
15回目,901554.000000,2027344.000000,1808414.000000,1788027.000000
16回目,867816.000000,1978180.000000,1778100.000000,1798705.000000
17回目,902650.000000,1982154.000000,1801414.000000,1802465.000000
18回目,887738.000000,2001110.000000,1792156.000000,1796673.000000
19回目,873240.000000,2006558.000000,1778510.000000,1777025.000000
20回目,892400.000000,2010558.000000,1798268.000000,1802465.000000
21回目,876374.000000,2004362.000000,1812882.000000,1788027.000000
22回目,887738.000000,1987282.000000,1824896.000000,1788027.000000
23回目,867816.000000,2042138.000000,1799092.000000,1788027.000000
24回目,902650.000000,1999750.000000,1781630.000000,1764601.000000
25回目,902650.000000,2003116.000000,1789448.000000,1806513.000000
26回目,864192.000000,2014194.000000,1819336.000000,1802465.000000
27回目,872042.000000,2032826.000000,1794504.000000,1795005.000000
28回目,872042.000000,1982154.000000,1802300.000000,1788027.000000
29回目,887738.000000,1995674.000000,1778100.000000,1788027.000000
30回目,901554.000000,2017942.000000,1789448.000000,1806513.000000
31回目,887738.000000,2003630.000000,1801414.000000,1796673.000000
32回目,879760.000000,1982154.000000,1812992.000000,1788137.000000
33回目,901554.000000,2007192.000000,1798268.000000,1785271.000000
34回目,864192.000000,2025384.000000,1751366.000000,1802465.000000
35回目,876374.000000,1987282.000000,1809316.000000,1788137.000000
36回目,901554.000000,2006558.000000,1798268.000000,1764601.000000
37回目,892400.000000,2002210.000000,1779430.000000,1802465.000000
38回目,860884.000000,1978180.000000,1804598.000000,1798705.000000
39回目,872042.000000,2042138.000000,1804598.000000,1785271.000000
40回目,887738.000000,2002210.000000,1804534.000000,1802465.000000
41回目,873240.000000,1999750.000000,1786236.000000,1788137.000000
42回目,892400.000000,2014194.000000,1782204.000000,1788103.000000
43回目,873240.000000,2027254.000000,1744090.000000,1785271.000000
44回目,887738.000000,2008552.000000,1781482.000000,1788027.000000
45回目,872042.000000,1997306.000000,1808414.000000,1764601.000000
46回目,872042.000000,2021636.000000,1803626.000000,1785271.000000
47回目,879760.000000,2005910.000000,1814132.000000,1788137.000000
48回目,892400.000000,2042138.000000,1795882.000000,1795005.000000
49回目,901554.000000,2021636.000000,1785094.000000,1806513.000000
50回目,902650.000000,2008726.000000,1809550.000000,1806513.000000
51回目,860884.000000,2025384.000000,1784274.000000,1785271.000000
52回目,860884.000000,2017942.000000,1779598.000000,1806513.000000
53回目,873240.000000,2007192.000000,1788318.000000,1806513.000000
54回目,902650.000000,2027254.000000,1782308.000000,1806513.000000
55回目,887738.000000,1978180.000000,1802300.000000,1795005.000000
56回目,872042.000000,1993614.000000,1808782.000000,1785271.000000
57回目,860884.000000,2029078.000000,1786236.000000,1795005.000000
58回目,887738.000000,2027344.000000,1802300.000000,1788103.000000
59回目,864192.000000,1993614.000000,1786990.000000,1777025.000000
60回目,876374.000000,2027254.000000,1812882.000000,1788103.000000
61回目,867816.000000,1982154.000000,1795324.000000,1796673.000000
62回目,901554.000000,1969696.000000,1795186.000000,1788027.000000
63回目,892400.000000,2021636.000000,1769044.000000,1764601.000000
64回目,873240.000000,2025384.000000,1784984.000000,1785271.000000
65回目,901554.000000,2042228.000000,1802914.000000,1788027.000000
66回目,873240.000000,2017094.000000,1797472.000000,1795005.000000
67回目,892400.000000,2027254.000000,1806606.000000,1785271.000000
68回目,879760.000000,2027254.000000,1792758.000000,1788137.000000
69回目,872042.000000,2027254.000000,1803130.000000,1802465.000000
70回目,879760.000000,2027254.000000,1778100.000000,1802465.000000
71回目,864192.000000,2003116.000000,1812992.000000,1785271.000000
72回目,892400.000000,2025384.000000,1827134.000000,1796673.000000
73回目,873240.000000,2042138.000000,1792758.000000,1777025.000000
74回目,901554.000000,1999750.000000,1781546.000000,1806513.000000
75回目,901554.000000,2025384.000000,1783610.000000,1802465.000000
76回目,864192.000000,1987282.000000,1807808.000000,1764601.000000
77回目,867816.000000,2027254.000000,1796096.000000,1777025.000000
78回目,892400.000000,2004362.000000,1778100.000000,1796673.000000
79回目,860884.000000,1993614.000000,1778100.000000,1788103.000000
80回目,879760.000000,2006558.000000,1800552.000000,1764601.000000
81回目,867816.000000,2003630.000000,1795882.000000,1788103.000000
82回目,864192.000000,1978180.000000,1785164.000000,1777025.000000
83回目,867816.000000,2009652.000000,1802300.000000,1764601.000000
84回目,867816.000000,2008726.000000,1788994.000000,1796673.000000
85回目,876374.000000,2002210.000000,1808414.000000,1777025.000000
86回目,873240.000000,2032826.000000,1808414.000000,1788027.000000
87回目,892400.000000,1978180.000000,1789448.000000,1788027.000000
88回目,887738.000000,2027344.000000,1811502.000000,1785271.000000
89回目,867816.000000,2004362.000000,1804598.000000,1798705.000000
90回目,887738.000000,2007192.000000,1803904.000000,1802465.000000
91回目,864192.000000,2006558.000000,1792210.000000,1788103.000000
92回目,873240.000000,2014194.000000,1790590.000000,1806513.000000
93回目,879760.000000,2003116.000000,1783596.000000,1802465.000000
94回目,864192.000000,1962254.000000,1796804.000000,1788137.000000
95回目,892400.000000,2003116.000000,1801414.000000,1795005.000000
96回目,887738.000000,2003116.000000,1798728.000000,1796673.000000
97回目,867816.000000,2021636.000000,1778100.000000,1788103.000000
98回目,902650.000000,1995674.000000,1804598.000000,1777025.000000
99回目,887738.000000,2021636.000000,1776080.000000,1798705.000000
100回目,887738.000000,2006558.000000,1801414.000000,1802465.000000
101回目,902650.000000,2001110.000000,1800180.000000,1806513.000000
102回目,864192.000000,2006558.000000,1816452.000000,1802465.000000
103回目,864192.000000,2008726.000000,1774884.000000,1785271.000000
104回目,864192.000000,2003116.000000,1798268.000000,1788027.000000
105回目,901554.000000,2003116.000000,1801414.000000,1788137.000000
106回目,902650.000000,1978180.000000,1795882.000000,1764601.000000
107回目,892400.000000,2008726.000000,1817716.000000,1796673.000000
108回目,902650.000000,2001110.000000,1785094.000000,1764601.000000
109回目,873240.000000,2002210.000000,1792770.000000,1798705.000000
110回目,860884.000000,2034786.000000,1788250.000000,1788027.000000
111回目,872042.000000,2021636.000000,1806580.000000,1796673.000000
112回目,860884.000000,1993064.000000,1802300.000000,1788027.000000
113回目,887738.000000,1997306.000000,1802300.000000,1798705.000000
114回目,887738.000000,2017942.000000,1804534.000000,1788103.000000
115回目,867816.000000,2042228.000000,1785094.000000,1795005.000000
116回目,879760.000000,2021636.000000,1778100.000000,1806513.000000
117回目,872042.000000,2005910.000000,1810192.000000,1788137.000000
118回目,879760.000000,1969696.000000,1762360.000000,1785271.000000
119回目,876374.000000,2029078.000000,1802300.000000,1785271.000000
120回目,892400.000000,2005910.000000,1801980.000000,1788027.000000
121回目,887738.000000,2003116.000000,1786236.000000,1788137.000000
122回目,864192.000000,2005910.000000,1801738.000000,1777025.000000
123回目,879760.000000,2017942.000000,1804570.000000,1788103.000000
124回目,864192.000000,2003116.000000,1781482.000000,1785271.000000
125回目,873240.000000,1999750.000000,1838734.000000,1806513.000000
126回目,879760.000000,2017942.000000,1798268.000000,1802465.000000
127回目,879760.000000,2027344.000000,1809500.000000,1788027.000000
128回目,864192.000000,2001110.000000,1788246.000000,1806513.000000
129回目,864192.000000,2021636.000000,1800162.000000,1785271.000000
130回目,901554.000000,2009652.000000,1785802.000000,1798705.000000
131回目,867816.000000,2001110.000000,1812882.000000,1796673.000000
132回目,873240.000000,2003630.000000,1808746.000000,1798705.000000
133回目,892400.000000,2004362.000000,1785094.000000,1788027.000000
134回目,867816.000000,2029078.000000,1760684.000000,1788137.000000
135回目,892400.000000,2008552.000000,1780482.000000,1802465.000000
136回目,873240.000000,2003116.000000,1793052.000000,1788137.000000
137回目,901554.000000,2008552.000000,1798268.000000,1788027.000000
138回目,902650.000000,1999750.000000,1796640.000000,1785271.000000
139回目,887738.000000,2021636.000000,1785802.000000,1777025.000000
140回目,876374.000000,2017942.000000,1831086.000000,1788027.000000
141回目,879760.000000,2008726.000000,1810762.000000,1764601.000000
142回目,860884.000000,1982154.000000,1789566.000000,1777025.000000
143回目,876374.000000,2014194.000000,1805658.000000,1796673.000000
144回目,876374.000000,2023436.000000,1879964.000000,1798705.000000
145回目,864192.000000,1979840.000000,1774434.000000,1795005.000000
146回目,879760.000000,1969696.000000,1785802.000000,1806513.000000
147回目,876374.000000,1999750.000000,1789448.000000,1788027.000000
148回目,892400.000000,2002210.000000,1801090.000000,1796673.000000
149回目,892400.000000,2042228.000000,1832870.000000,1785271.000000
150回目,873240.000000,2003116.000000,1806294.000000,1806513.000000
151回目,872042.000000,2008552.000000,1810194.000000,1788027.000000
152回目,873240.000000,2018000.000000,1865330.000000,1764601.000000
153回目,879760.000000,2003116.000000,1796828.000000,1777025.000000
154回目,902650.000000,2027344.000000,1804598.000000,1788103.000000
155回目,892400.000000,2043962.000000,1794438.000000,1788027.000000
156回目,864192.000000,2025384.000000,1781482.000000,1802465.000000
157回目,902650.000000,2003116.000000,1780482.000000,1798705.000000
158回目,901554.000000,1995674.000000,1785802.000000,1795005.000000
159回目,901554.000000,2010558.000000,1810740.000000,1788103.000000
160回目,901554.000000,2042228.000000,1798268.000000,1796673.000000
161回目,864192.000000,2027344.000000,1794252.000000,1802465.000000
162回目,887738.000000,1978180.000000,1766912.000000,1788137.000000
163回目,901554.000000,2021636.000000,1794814.000000,1764601.000000
164回目,902650.000000,1978180.000000,1807712.000000,1788137.000000
165回目,864192.000000,2027344.000000,1802300.000000,1764601.000000
166回目,887738.000000,2007192.000000,1748820.000000,1802465.000000
167回目,876374.000000,2027254.000000,1806726.000000,1802465.000000
168回目,872042.000000,2027344.000000,1802300.000000,1802465.000000
169回目,892400.000000,2002210.000000,1785094.000000,1795005.000000
170回目,902650.000000,1987282.000000,1798268.000000,1785271.000000
171回目,860884.000000,1997038.000000,1785802.000000,1788103.000000
172回目,879760.000000,1982154.000000,1778100.000000,1796673.000000
173回目,879760.000000,1999750.000000,1785094.000000,1796673.000000
174回目,879760.000000,2009652.000000,1785094.000000,1798705.000000
175回目,873240.000000,1985622.000000,1785094.000000,1802465.000000
176回目,864192.000000,2025384.000000,1804598.000000,1785271.000000
177回目,887738.000000,1978180.000000,1777118.000000,1798705.000000
178回目,872042.000000,2021636.000000,1812462.000000,1777025.000000
179回目,872042.000000,2010558.000000,1803228.000000,1785271.000000
180回目,902650.000000,2014634.000000,1813300.000000,1788103.000000
181回目,879760.000000,2027344.000000,1777564.000000,1764601.000000
182回目,876374.000000,2021636.000000,1815800.000000,1802465.000000
183回目,902650.000000,2029078.000000,1812882.000000,1764601.000000
184回目,864192.000000,2004362.000000,1814846.000000,1788027.000000
185回目,892400.000000,1985622.000000,1778100.000000,1802465.000000
186回目,867816.000000,2009652.000000,1795896.000000,1796673.000000
187回目,860884.000000,2017942.000000,1780482.000000,1788027.000000
188回目,887738.000000,2021636.000000,1805354.000000,1798705.000000
189回目,887738.000000,2017942.000000,1802300.000000,1788027.000000
190回目,867816.000000,1989596.000000,1801414.000000,1764601.000000
191回目,872042.000000,1997306.000000,1782942.000000,1806513.000000
192回目,876374.000000,2001110.000000,1819074.000000,1798705.000000
193回目,879760.000000,1969696.000000,1800704.000000,1795005.000000
194回目,902650.000000,1995674.000000,1797576.000000,1788137.000000
195回目,876374.000000,1979840.000000,1766984.000000,1806513.000000
196回目,876374.000000,2027254.000000,1807136.000000,1802465.000000
197回目,879760.000000,1995674.000000,1779728.000000,1795005.000000
198回目,902650.000000,2014194.000000,1798764.000000,1764601.000000
199回目,901554.000000,1982154.000000,1798268.000000,1785271.000000
200回目,872042.000000,2042228.000000,1778100.000000,1785271.000000
201回目,887738.000000,2009652.000000,1785094.000000,1796673.000000
202回目,879760.000000,2005910.000000,1770062.000000,1802465.000000
203回目,892400.000000,2003116.000000,1780482.000000,1785271.000000
204回目,873240.000000,1997038.000000,1806456.000000,1795005.000000
205回目,879760.000000,1985622.000000,1802746.000000,1806513.000000
206回目,872042.000000,2007192.000000,1785094.000000,1777025.000000
207回目,873240.000000,1999750.000000,1794426.000000,1802465.000000
208回目,867816.000000,2008726.000000,1796996.000000,1802465.000000
209回目,902650.000000,2014194.000000,1800314.000000,1764601.000000
210回目,901554.000000,2021636.000000,1803332.000000,1798705.000000
211回目,901554.000000,1993614.000000,1812476.000000,1806513.000000
212回目,892400.000000,2007192.000000,1778100.000000,1788137.000000
213回目,902650.000000,1982154.000000,1778100.000000,1788137.000000
214回目,873240.000000,2002210.000000,1788902.000000,1764601.000000
215回目,867816.000000,2021636.000000,1804598.000000,1795005.000000
216回目,887738.000000,2008552.000000,1778100.000000,1795005.000000
217回目,887738.000000,1969696.000000,1792298.000000,1785271.000000
218回目,867816.000000,2004362.000000,1812882.000000,1788103.000000
219回目,873240.000000,2010558.000000,1806456.000000,1796673.000000
220回目,860884.000000,2008552.000000,1785802.000000,1788027.000000
221回目,876374.000000,2010558.000000,1804598.000000,1788137.000000
222回目,902650.000000,1969696.000000,1802300.000000,1798705.000000
223回目,864192.000000,2034696.000000,1789448.000000,1788027.000000
224回目,876374.000000,1993064.000000,1808414.000000,1788137.000000
225回目,867816.000000,2010558.000000,1803442.000000,1795005.000000
226回目,872042.000000,1989036.000000,1786724.000000,1788103.000000
227回目,876374.000000,2007192.000000,1789448.000000,1802465.000000
228回目,876374.000000,1989036.000000,1799584.000000,1798705.000000
229回目,892400.000000,2008552.000000,1778100.000000,1788027.000000
230回目,901554.000000,2001110.000000,1812882.000000,1796673.000000
231回目,864192.000000,2002210.000000,1805264.000000,1764601.000000
232回目,876374.000000,2001110.000000,1784390.000000,1795005.000000
233回目,873240.000000,1997306.000000,1798268.000000,1788103.000000
234回目,879760.000000,1969696.000000,1801414.000000,1798705.000000
235回目,879760.000000,2005910.000000,1814362.000000,1777025.000000
236回目,867816.000000,2014194.000000,1812882.000000,1806513.000000
237回目,864192.000000,2006558.000000,1807950.000000,1795005.000000
238回目,887738.000000,1987282.000000,1802300.000000,1806513.000000
239回目,872042.000000,1969696.000000,1814490.000000,1798705.000000
240回目,872042.000000,2027344.000000,1778100.000000,1802465.000000
241回目,879760.000000,1997306.000000,1808414.000000,1802465.000000
242回目,901554.000000,2002210.000000,1775580.000000,1798705.000000
243回目,887738.000000,2003116.000000,1785922.000000,1788137.000000
244回目,864192.000000,2021636.000000,1794252.000000,1788027.000000
245回目,872042.000000,1978180.000000,1783394.000000,1777025.000000
246回目,901554.000000,2042228.000000,1787150.000000,1788103.000000
247回目,892400.000000,2021636.000000,1795846.000000,1788027.000000
248回目,901554.000000,1989596.000000,1817790.000000,1802465.000000
249回目,879760.000000,2003630.000000,1778100.000000,1802465.000000
250回目,892400.000000,2001110.000000,1802300.000000,1788103.000000
