HopNum,GPSR,NGPSR,NPGPSR,NDGPSR
1回目,2.200850,2.263360,2.260540,2.284130
2回目,2.170510,2.278810,2.256700,2.259400
3回目,2.197370,2.279850,2.269960,2.279250
4回目,2.246860,2.291670,2.288970,2.261720
5回目,2.217020,2.283090,2.277990,2.259400
6回目,2.243900,2.278810,2.271700,2.279250
7回目,2.243900,2.291670,2.310760,2.265380
8回目,2.243900,2.278810,2.285710,2.287360
9回目,2.217020,2.291670,2.288460,2.265380
10回目,2.217020,2.281950,2.277150,2.290080
11回目,2.200850,2.284130,2.282440,2.279250
12回目,2.246860,2.280300,2.272060,2.271380
13回目,2.246860,2.291970,2.279250,2.283520
14回目,2.200850,2.281950,2.252870,2.279250
15回目,2.215520,2.291670,2.264370,2.284130
16回目,2.229440,2.268940,2.277150,2.279250
17回目,2.197370,2.291670,2.266160,2.284130
18回目,2.243800,2.281950,2.287880,2.284130
19回目,2.246860,2.263360,2.254830,2.265380
20回目,2.200850,2.283090,2.275860,2.293890
21回目,2.243900,2.270680,2.281370,2.279250
22回目,2.246860,2.291670,2.275470,2.259400
23回目,2.243800,2.263360,2.268660,2.265380
24回目,2.229440,2.277990,2.269960,2.293890
25回目,2.215520,2.277990,2.273080,2.261720
26回目,2.200850,2.288390,2.264370,2.271380
27回目,2.200850,2.291670,2.276920,2.272030
28回目,2.243800,2.268940,2.199170,2.287360
29回目,2.243900,2.263360,2.269960,2.259400
30回目,2.197370,2.280300,2.291190,2.259400
31回目,2.246860,2.275470,2.259540,2.283520
32回目,2.243900,2.277570,2.269960,2.265380
33回目,2.195650,2.277570,2.276520,2.283520
34回目,2.243900,2.288390,2.289060,2.279250
35回目,2.202640,2.288390,2.272060,2.261720
36回目,2.243900,2.280300,2.264370,2.272030
37回目,2.195650,2.275470,2.274130,2.259400
38回目,2.246860,2.284130,2.277570,2.271380
39回目,2.243900,2.279850,2.271650,2.261720
40回目,2.217020,2.289960,2.264930,2.272030
41回目,2.202640,2.275470,2.267440,2.287360
42回目,2.195650,2.281950,2.273080,2.290080
43回目,2.202640,2.283090,2.252920,2.283520
44回目,2.229440,2.268940,2.265380,2.293890
45回目,2.246860,2.288390,2.267180,2.261720
46回目,2.200850,2.275470,2.274810,2.287360
47回目,2.246860,2.278810,2.277570,2.284130
48回目,2.215520,2.278810,2.271320,2.287360
49回目,2.170510,2.276520,2.265680,2.271380
50回目,2.246860,2.283090,2.292130,2.259400
51回目,2.246860,2.275470,2.261540,2.293890
52回目,2.246860,2.291670,2.257940,2.293890
53回目,2.170510,2.275470,2.274810,2.265380
54回目,2.215520,2.280300,2.211620,2.293890
55回目,2.170510,2.270680,2.269660,2.287360
56回目,2.246860,2.278810,2.259540,2.290080
57回目,2.243900,2.284130,2.278200,2.293890
58回目,2.217020,2.289960,2.290700,2.261720
59回目,2.197370,2.284130,2.266410,2.265380
60回目,2.197370,2.288390,2.260540,2.272030
61回目,2.229440,2.288390,2.276750,2.265380
62回目,2.195650,2.291670,2.270990,2.293890
63回目,2.200850,2.283090,2.265380,2.279250
64回目,2.229440,2.288390,2.278810,2.265380
65回目,2.217020,2.278810,2.268480,2.293890
66回目,2.215520,2.280300,2.262750,2.290080
67回目,2.170510,2.268940,2.269530,2.259400
68回目,2.170510,2.283090,2.267660,2.284130
69回目,2.243900,2.264150,2.259540,2.283520
70回目,2.243800,2.288390,2.273410,2.283520
71回目,2.243900,2.276520,2.270590,2.272030
72回目,2.243900,2.263360,2.281370,2.271380
73回目,2.229440,2.263360,2.271320,2.265380
74回目,2.170510,2.283090,2.292780,2.284130
75回目,2.215520,2.268940,2.270990,2.259400
76回目,2.246860,2.277570,2.276920,2.259400
77回目,2.243800,2.272030,2.267920,2.284130
78回目,2.217020,2.283020,2.264590,2.261720
79回目,2.200850,2.272030,2.221310,2.271380
80回目,2.243900,2.291670,2.263940,2.271380
81回目,2.246860,2.288390,2.289960,2.272030
82回目,2.243900,2.275470,2.257810,2.272030
83回目,2.229440,2.276520,2.261900,2.293890
84回目,2.229440,2.270680,2.256810,2.265380
85回目,2.197370,2.291670,2.282530,2.293890
86回目,2.243800,2.280300,2.269230,2.272030
87回目,2.202640,2.281950,2.270990,2.290080
88回目,2.229440,2.270680,2.272370,2.283520
89回目,2.246860,2.288390,2.282950,2.287360
90回目,2.202640,2.284130,2.262550,2.261720
91回目,2.243800,2.276520,2.257690,2.279250
92回目,2.215520,2.291670,2.254900,2.290080
93回目,2.243800,2.270680,2.273760,2.290080
94回目,2.200850,2.278810,2.282530,2.272030
95回目,2.246860,2.291670,2.272370,2.287360
96回目,2.170510,2.288390,2.279250,2.261720
97回目,2.217020,2.278810,2.268660,2.293890
98回目,2.200850,2.278810,2.267440,2.283520
99回目,2.229440,2.283090,2.274730,2.261720
100回目,2.202640,2.280300,2.268940,2.261720
101回目,2.243900,2.291670,2.258690,2.271380
102回目,2.195650,2.272030,2.278630,2.290080
103回目,2.243900,2.291670,2.274810,2.284130
104回目,2.197370,2.268940,2.281950,2.259400
105回目,2.202640,2.289960,2.274810,2.261720
106回目,2.195650,2.283090,2.266670,2.290080
107回目,2.243800,2.283020,2.273760,2.271380
108回目,2.197370,2.263360,2.277990,2.265380
109回目,2.215520,2.283090,2.265920,2.287360
110回目,2.202640,2.270680,2.260540,2.265380
111回目,2.217020,2.275470,2.279530,2.265380
112回目,2.229440,2.277990,2.274440,2.259400
113回目,2.246860,2.280300,2.268480,2.283520
114回目,2.243800,2.280300,2.254680,2.261720
115回目,2.215520,2.272030,2.279070,2.271380
116回目,2.195650,2.283090,2.262550,2.271380
117回目,2.200850,2.280300,2.261720,2.261720
118回目,2.200850,2.284130,2.276520,2.265380
119回目,2.195650,2.278810,2.269230,2.293890
120回目,2.243800,2.278810,2.260380,2.279250
121回目,2.243800,2.275470,2.266410,2.271380
122回目,2.215520,2.284130,2.275190,2.272030
123回目,2.229440,2.279850,2.262550,2.290080
124回目,2.200850,2.263360,2.266410,2.272030
125回目,2.243800,2.277570,2.274440,2.265380
126回目,2.246860,2.281950,2.269530,2.261720
127回目,2.246860,2.280300,2.275860,2.279250
128回目,2.229440,2.291670,2.205020,2.284130
129回目,2.217020,2.291970,2.268660,2.284130
130回目,2.246860,2.291670,2.271700,2.290080
131回目,2.243800,2.280300,2.272730,2.293890
132回目,2.170510,2.263360,2.261540,2.261720
133回目,2.229440,2.283020,2.285710,2.293890
134回目,2.243800,2.281950,2.265380,2.271380
135回目,2.246860,2.275470,2.255910,2.265380
136回目,2.246860,2.278810,2.281850,2.287360
137回目,2.200850,2.275470,2.270990,2.261720
138回目,2.202640,2.275470,2.287360,2.290080
139回目,2.243800,2.275470,2.280300,2.290080
140回目,2.229440,2.288390,2.261540,2.287360
141回目,2.202640,2.291970,2.255730,2.259400
142回目,2.217020,2.268940,2.285710,2.261720
143回目,2.246860,2.280300,2.278200,2.271380
144回目,2.217020,2.288390,2.262550,2.283520
145回目,2.243900,2.284130,2.292780,2.283520
146回目,2.243900,2.263360,2.274440,2.293890
147回目,2.217020,2.280300,2.267180,2.293890
148回目,2.202640,2.275470,2.272730,2.290080
149回目,2.215520,2.280300,2.278430,2.279250
150回目,2.243900,2.277570,2.257580,2.293890
151回目,2.243800,2.284130,2.252920,2.259400
152回目,2.170510,2.291670,2.279250,2.265380
153回目,2.200850,2.288390,2.276920,2.290080
154回目,2.246860,2.291670,2.274440,2.283520
155回目,2.195650,2.284130,2.276520,2.261720
156回目,2.229440,2.288390,2.295280,2.284130
157回目,2.246860,2.291670,2.273760,2.287360
158回目,2.243900,2.291670,2.275470,2.261720
159回目,2.246860,2.268940,2.266160,2.261720
160回目,2.217020,2.268940,2.239540,2.272030
161回目,2.243800,2.280300,2.269960,2.271380
162回目,2.215520,2.276520,2.262550,2.265380
163回目,2.200850,2.283020,2.273060,2.283520
164回目,2.195650,2.263360,2.270990,2.261720
165回目,2.229440,2.277570,2.277570,2.259400
166回目,2.229440,2.284130,2.263160,2.259400
167回目,2.215520,2.278810,2.290200,2.272030
168回目,2.170510,2.291670,2.276920,2.283520
169回目,2.246860,2.277990,2.274510,2.279250
170回目,2.243900,2.288390,2.266410,2.259400
171回目,2.202640,2.263360,2.252960,2.290080
172回目,2.215520,2.277570,2.281950,2.272030
173回目,2.217020,2.283090,2.270680,2.284130
174回目,2.200850,2.279850,2.278200,2.290080
175回目,2.243900,2.268940,2.280770,2.265380
176回目,2.202640,2.275470,2.211620,2.283520
177回目,2.243900,2.263360,2.274810,2.261720
178回目,2.200850,2.275470,2.272730,2.271380
179回目,2.217020,2.275470,2.281850,2.287360
180回目,2.243800,2.263360,2.270990,2.272030
181回目,2.229440,2.281950,2.278630,2.290080
182回目,2.200850,2.284130,2.258430,2.261720
183回目,2.246860,2.281950,2.276520,2.272030
184回目,2.170510,2.268940,2.279070,2.293890
185回目,2.246860,2.275470,2.275090,2.293890
186回目,2.229440,2.272030,2.268940,2.279250
187回目,2.195650,2.275470,2.268660,2.293890
188回目,2.246860,2.263360,2.264590,2.265380
189回目,2.197370,2.268940,2.265920,2.283520
190回目,2.243900,2.277990,2.279690,2.279250
191回目,2.202640,2.275470,2.257690,2.261720
192回目,2.246860,2.277990,2.268200,2.287360
193回目,2.246860,2.278810,2.270270,2.265380
194回目,2.170510,2.268940,2.277570,2.290080
195回目,2.197370,2.277990,2.216330,2.265380
196回目,2.243900,2.291670,2.275470,2.271380
197回目,2.195650,2.276520,2.265620,2.284130
198回目,2.195650,2.291670,2.267440,2.284130
199回目,2.217020,2.279850,2.257580,2.293890
200回目,2.246860,2.275470,2.253910,2.290080
201回目,2.215520,2.284130,2.263360,2.283520
202回目,2.215520,2.291670,2.286820,2.271380
203回目,2.215520,2.277570,2.275470,2.265380
204回目,2.246860,2.275470,2.269960,2.279250
205回目,2.246860,2.284130,2.244980,2.265380
206回目,2.229440,2.268940,2.266160,2.279250
207回目,2.246860,2.283090,2.270990,2.279250
208回目,2.246860,2.284130,2.268200,2.290080
209回目,2.229440,2.291670,2.281850,2.283520
210回目,2.195650,2.283090,2.256700,2.261720
211回目,2.243900,2.288390,2.260700,2.271380
212回目,2.202640,2.281950,2.272030,2.279250
213回目,2.215520,2.281950,2.274810,2.259400
214回目,2.202640,2.291670,2.259690,2.265380
215回目,2.170510,2.284130,2.267180,2.272030
216回目,2.243800,2.284130,2.269960,2.259400
217回目,2.243900,2.275470,2.275590,2.259400
218回目,2.197370,2.291670,2.267440,2.284130
219回目,2.200850,2.268940,2.275190,2.279250
220回目,2.246860,2.275470,2.269960,2.293890
221回目,2.195650,2.284130,2.244270,2.290080
222回目,2.217020,2.281950,2.278200,2.261720
223回目,2.197370,2.275470,2.263940,2.279250
224回目,2.170510,2.289960,2.279690,2.259400
225回目,2.197370,2.291670,2.261360,2.265380
226回目,2.215520,2.277990,2.261540,2.293890
227回目,2.243800,2.279850,2.258690,2.259400
228回目,2.200850,2.280300,2.268200,2.261720
229回目,2.215520,2.263360,2.275470,2.284130
230回目,2.202640,2.291670,2.275590,2.279250
231回目,2.197370,2.291970,2.275860,2.272030
232回目,2.215520,2.278810,2.268200,2.259400
233回目,2.243900,2.275470,2.262360,2.287360
234回目,2.202640,2.275470,2.295020,2.293890
235回目,2.200850,2.288390,2.273440,2.259400
236回目,2.197370,2.284130,2.258430,2.287360
237回目,2.243800,2.277570,2.276520,2.287360
238回目,2.200850,2.275470,2.256810,2.283520
239回目,2.243800,2.283020,2.264930,2.259400
240回目,2.200850,2.263360,2.266670,2.284130
241回目,2.202640,2.289960,2.265380,2.259400
242回目,2.246860,2.280300,2.274130,2.283520
243回目,2.202640,2.288390,2.282440,2.261720
244回目,2.229440,2.279850,2.257690,2.284130
245回目,2.243900,2.275470,2.264370,2.290080
246回目,2.217020,2.291970,2.265920,2.271380
247回目,2.215520,2.263360,2.271320,2.261720
248回目,2.215520,2.263360,2.274810,2.284130
249回目,2.243800,2.291670,2.278200,2.271380
250回目,2.215520,2.283020,2.276260,2.271380
