Throughput,GPSR,NGPSR,NPGPSR,NDGPSR
1回目,6.830680,7.622330,7.593210,7.937610
2回目,6.313150,7.825970,7.593230,7.738690
3回目,6.633170,7.796860,7.651420,7.709580
4回目,6.953190,7.706460,7.651370,7.472930
5回目,6.836820,7.913250,7.535040,7.738690
6回目,7.156730,7.825970,7.709540,7.709580
7回目,7.156730,7.680490,7.302300,7.564110
8回目,7.156730,7.825970,7.535000,7.593230
9回目,6.836820,7.680490,7.564140,7.564110
10回目,6.836820,7.738690,7.767790,7.622330
11回目,6.830680,7.884130,7.622280,7.709580
12回目,6.953190,7.680510,7.913190,7.825980
13回目,6.953190,7.971440,7.735650,7.593230
14回目,6.830680,7.738690,7.593230,7.709580
15回目,6.749520,7.680490,7.593230,7.937610
16回目,6.720420,7.680510,7.767770,7.709580
17回目,6.633170,7.680490,7.651350,7.937610
18回目,7.040470,7.738690,7.680510,7.937610
19回目,6.953190,7.622330,7.535050,7.564110
20回目,6.830680,7.913250,7.618890,7.622330
21回目,7.156730,7.738690,7.651390,7.709580
22回目,6.953190,7.706460,7.709580,7.738690
23回目,7.040470,7.622330,7.796880,7.564110
24回目,6.720420,7.535040,7.651420,7.622330
25回目,6.749520,7.535040,7.564140,7.472930
26回目,6.830680,7.767790,7.593240,7.825980
27回目,6.830680,7.706460,7.564140,7.593230
28回目,7.040470,7.680510,7.011370,7.593230
29回目,7.156730,7.622330,7.651420,7.738690
30回目,6.633170,7.680510,7.593210,7.738690
31回目,6.953190,7.709550,7.622320,7.593230
32回目,7.156730,7.651360,7.651420,7.564110
33回目,6.691360,7.651360,7.680510,7.593230
34回目,7.156730,7.767790,7.447770,7.709580
35回目,6.604070,7.767790,7.913250,7.472930
36回目,7.156730,7.680510,7.593230,7.593230
37回目,6.691360,7.709550,7.535040,7.738690
38回目,6.953190,7.884130,7.651320,7.825980
39回目,7.156730,7.796860,7.389560,7.472930
40回目,6.836820,7.825940,7.796830,7.593230
41回目,6.604070,7.709550,7.505950,7.593230
42回目,6.691360,7.738690,7.564140,7.622330
43回目,6.604070,7.913250,7.476840,7.593230
44回目,6.720420,7.680510,7.589670,7.622330
45回目,6.953190,7.767790,7.622310,7.472930
46回目,6.830680,7.709550,7.622320,7.593230
47回目,6.953190,7.825970,7.651390,7.937610
48回目,6.749520,7.825970,7.505950,7.593230
49回目,6.313150,7.706460,7.884160,7.825980
50回目,6.953190,7.913250,7.767730,7.738690
51回目,6.953190,7.709550,7.564140,7.622330
52回目,6.953190,7.706460,7.331390,7.622330
53回目,6.313150,7.709550,7.622300,7.564110
54回目,6.749520,7.680510,7.011370,7.622330
55回目,6.313150,7.738690,7.767790,7.593230
56回目,6.953190,7.825970,7.622320,7.622330
57回目,7.156730,7.884130,7.738690,7.622330
58回目,6.836820,7.825940,7.505890,7.472930
59回目,6.633170,7.884130,7.535040,7.564110
60回目,6.633170,7.767790,7.618860,7.593230
61回目,6.720420,7.767790,7.884160,7.564110
62回目,6.691360,7.680490,7.622320,7.622330
63回目,6.830680,7.913250,7.589690,7.709580
64回目,6.720420,7.767790,7.825960,7.564110
65回目,6.836820,7.825970,7.502120,7.622330
66回目,6.749520,7.680510,7.418650,7.622330
67回目,6.313150,7.680510,7.472920,7.738690
68回目,6.313150,7.913250,7.825970,7.937610
69回目,7.156730,7.709550,7.622320,7.593230
70回目,7.040470,7.767790,7.767790,7.593230
71回目,7.156730,7.706460,7.418670,7.593230
72回目,7.156730,7.622330,7.651410,7.825980
73回目,6.720420,7.622330,7.505960,7.564110
74回目,6.313150,7.913250,7.651360,7.937610
75回目,6.749520,7.680510,7.622300,7.738690
76回目,6.953190,7.651360,7.564120,7.738690
77回目,7.040470,7.593230,7.709600,7.937610
78回目,6.836820,7.709610,7.476840,7.472930
79回目,6.830680,7.593230,7.098650,7.825980
80回目,7.156730,7.706460,7.825950,7.825980
81回目,6.953190,7.767790,7.825970,7.593230
82回目,7.156730,7.709600,7.447770,7.593230
83回目,6.720420,7.706460,7.356160,7.622330
84回目,6.720420,7.738690,7.476860,7.564110
85回目,6.633170,7.680490,7.825890,7.622330
86回目,7.040470,7.680510,7.564090,7.593230
87回目,6.604070,7.738690,7.622320,7.622330
88回目,6.720420,7.738690,7.502120,7.593230
89回目,6.953190,7.767790,7.505930,7.593230
90回目,6.604070,7.884130,7.535050,7.472930
91回目,7.040470,7.706460,7.564100,7.709580
92回目,6.749520,7.706460,7.418530,7.622330
93回目,7.040470,7.738690,7.651420,7.622330
94回目,6.830680,7.825970,7.825950,7.593230
95回目,6.953190,7.680490,7.476860,7.593230
96回目,6.313150,7.767790,7.709610,7.472930
97回目,6.836820,7.825970,7.796880,7.622330
98回目,6.830680,7.825970,7.531310,7.593230
99回目,6.720420,7.913250,7.942350,7.472930
100回目,6.604070,7.680510,7.680450,7.472930
101回目,7.156730,7.706460,7.535050,7.825980
102回目,6.691360,7.593230,7.622330,7.622330
103回目,7.156730,7.706460,7.622320,7.937610
104回目,6.633170,7.680510,7.738640,7.738690
105回目,6.604070,7.825940,7.622300,7.472930
106回目,6.691360,7.913250,7.418670,7.622330
107回目,7.040470,7.709610,7.651420,7.825980
108回目,6.633170,7.622330,7.535040,7.564110
109回目,6.749520,7.913250,7.767770,7.593230
110回目,6.604070,7.738690,7.593230,7.564110
111回目,6.836820,7.709600,7.414520,7.564110
112回目,6.720420,7.535040,7.738700,7.738690
113回目,6.953190,7.680510,7.502120,7.593230
114回目,7.040470,7.680510,7.793990,7.472930
115回目,6.749520,7.593230,7.505950,7.825980
116回目,6.691360,7.913250,7.535030,7.825980
117回目,6.830680,7.680510,7.447740,7.472930
118回目,6.830680,7.884130,7.680510,7.564110
119回目,6.691360,7.825970,7.564120,7.622330
120回目,7.040470,7.825970,7.709600,7.709580
121回目,7.040470,7.709550,7.535050,7.825980
122回目,6.749520,7.884130,7.531310,7.593230
123回目,6.720420,7.796860,7.535020,7.622330
124回目,6.830680,7.622330,7.535040,7.593230
125回目,7.040470,7.651360,7.738690,7.564110
126回目,6.953190,7.738690,7.472930,7.472930
127回目,6.953190,7.680510,7.593140,7.709580
128回目,6.720420,7.706460,6.953190,7.937610
129回目,6.836820,7.971440,7.796880,7.937610
130回目,6.953190,7.680490,7.709580,7.622330
131回目,7.040470,7.680510,7.680510,7.622330
132回目,6.313150,7.622330,7.564140,7.472930
133回目,6.720420,7.709610,7.738690,7.622330
134回目,7.040470,7.738690,7.564120,7.825980
135回目,6.953190,7.709550,7.389580,7.564110
136回目,6.953190,7.825970,7.535050,7.593230
137回目,6.830680,7.709600,7.622330,7.472930
138回目,6.604070,7.709550,7.593180,7.622330
139回目,7.040470,7.709550,7.680480,7.622330
140回目,6.720420,7.767790,7.564040,7.593230
141回目,6.604070,7.971440,7.622330,7.738690
142回目,6.836820,7.680510,7.533610,7.472930
143回目,6.953190,7.680510,7.738700,7.825980
144回目,6.836820,7.767790,7.535000,7.593230
145回目,7.156730,7.884130,7.651420,7.593230
146回目,7.156730,7.622330,7.738700,7.622330
147回目,6.836820,7.680510,7.622330,7.622330
148回目,6.604070,7.709550,7.680510,7.622330
149回目,6.749520,7.680510,7.443720,7.709580
150回目,7.156730,7.651360,7.732580,7.622330
151回目,7.040470,7.884130,7.476860,7.738690
152回目,6.313150,7.680490,7.709580,7.564110
153回目,6.830680,7.767790,7.589680,7.622330
154回目,6.953190,7.680490,7.738670,7.593230
155回目,6.691360,7.884130,7.680460,7.472930
156回目,6.720420,7.767790,7.389580,7.937610
157回目,6.953190,7.680490,7.651390,7.593230
158回目,7.156730,7.680490,7.709600,7.472930
159回目,6.953190,7.680510,7.651390,7.472930
160回目,6.836820,7.680510,7.651360,7.593230
161回目,7.040470,7.680510,7.651390,7.825980
162回目,6.749520,7.706460,7.535040,7.564110
163回目,6.830680,7.709610,7.884140,7.593230
164回目,6.691360,7.622330,7.622300,7.472930
165回目,6.720420,7.651360,7.651420,7.738690
166回目,6.720420,7.884130,7.738670,7.738690
167回目,6.749520,7.825970,7.418670,7.593230
168回目,6.313150,7.680490,7.564080,7.593230
169回目,6.953190,7.535040,7.418650,7.709580
170回目,7.156730,7.767790,7.535040,7.738690
171回目,6.604070,7.622330,7.360490,7.622330
172回目,6.749520,7.651360,7.738670,7.593230
173回目,6.836820,7.913250,7.738700,7.937610
174回目,6.830680,7.796860,7.738700,7.622330
175回目,7.156730,7.680510,7.564140,7.564110
176回目,6.604070,7.709550,7.011370,7.593230
177回目,7.156730,7.622330,7.622310,7.472930
178回目,6.830680,7.709550,7.680510,7.825980
179回目,6.836820,7.709550,7.560500,7.593230
180回目,7.040470,7.622330,7.622300,7.593230
181回目,6.720420,7.738690,7.622270,7.622330
182回目,6.830680,7.884130,7.794040,7.472930
183回目,6.953190,7.738690,7.680510,7.593230
184回目,6.313150,7.680510,7.505950,7.622330
185回目,6.953190,7.709550,7.825970,7.622330
186回目,6.720420,7.593230,7.680510,7.709580
187回目,6.691360,7.709550,7.796880,7.622330
188回目,6.953190,7.622330,7.476860,7.564110
189回目,6.633170,7.680510,7.767610,7.593230
190回目,7.156730,7.535040,7.593230,7.709580
191回目,6.604070,7.709550,7.564120,7.472930
192回目,6.953190,7.535040,7.618860,7.593230
193回目,6.953190,7.825970,7.560500,7.564110
194回目,6.313150,7.680510,7.651420,7.622330
195回目,6.633170,7.535040,7.127740,7.564110
196回目,7.156730,7.706460,7.709520,7.825980
197回目,6.691360,7.706460,7.472910,7.937610
198回目,6.691360,7.706460,7.505930,7.937610
199回目,6.836820,7.796860,7.680500,7.622330
200回目,6.953190,7.709550,7.447770,7.622330
201回目,6.749520,7.884130,7.622320,7.593230
202回目,6.749520,7.680490,7.505960,7.825980
203回目,6.749520,7.651360,7.709580,7.564110
204回目,6.953190,7.709550,7.651410,7.709580
205回目,6.953190,7.884130,7.244060,7.564110
206回目,6.720420,7.680510,7.651420,7.709580
207回目,6.953190,7.913250,7.648080,7.709580
208回目,6.953190,7.884130,7.593230,7.622330
209回目,6.720420,7.680490,7.535000,7.593230
210回目,6.691360,7.913250,7.593230,7.472930
211回目,7.156730,7.767790,7.502120,7.825980
212回目,6.604070,7.738690,7.593230,7.709580
213回目,6.749520,7.738690,7.622330,7.738690
214回目,6.604070,7.680490,7.505930,7.564110
215回目,6.313150,7.884130,7.622330,7.593230
216回目,7.040470,7.884130,7.651420,7.738690
217回目,7.156730,7.709550,7.389580,7.738690
218回目,6.633170,7.680490,7.505950,7.937610
219回目,6.830680,7.680510,7.531310,7.709580
220回目,6.953190,7.709550,7.651420,7.622330
221回目,6.691360,7.884130,7.622330,7.622330
222回目,6.836820,7.738690,7.738680,7.472930
223回目,6.633170,7.709550,7.825970,7.709580
224回目,6.313150,7.825940,7.593230,7.738690
225回目,6.633170,7.706460,7.680510,7.564110
226回目,6.749520,7.535040,7.564080,7.622330
227回目,7.040470,7.796860,7.535050,7.738690
228回目,6.830680,7.680510,7.593210,7.472930
229回目,6.749520,7.622330,7.709510,7.937610
230回目,6.604070,7.706460,7.389580,7.709580
231回目,6.633170,7.971440,7.593170,7.593230
232回目,6.749520,7.825970,7.593240,7.738690
233回目,7.156730,7.709550,7.651420,7.593230
234回目,6.604070,7.709550,7.593230,7.622330
235回目,6.830680,7.767790,7.472930,7.738690
236回目,6.633170,7.884130,7.767790,7.593230
237回目,7.040470,7.651360,7.680490,7.593230
238回目,6.830680,7.709550,7.476810,7.593230
239回目,7.040470,7.709610,7.796880,7.738690
240回目,6.830680,7.622330,7.418670,7.937610
241回目,6.604070,7.825940,7.564140,7.738690
242回目,6.953190,7.680510,7.586100,7.593230
243回目,6.604070,7.767790,7.622320,7.472930
244回目,6.720420,7.796860,7.564140,7.937610
245回目,7.156730,7.709550,7.593230,7.622330
246回目,6.836820,7.971440,7.847050,7.825980
247回目,6.749520,7.622330,7.505950,7.472930
248回目,6.749520,7.622330,7.622330,7.937610
249回目,7.040470,7.680490,7.738700,7.825980
250回目,6.749520,7.709610,7.502080,7.825980
