Delay,GPSR,NGPSR,NPGPSR,NDGPSR
1回目,16.975900,2.206100,2.207770,30.678300
2回目,16.461500,16.149100,16.570400,29.079100
3回目,17.801100,16.177100,15.700400,30.678300
4回目,17.129200,2.206100,1.679520,16.524500
5回目,17.129200,16.177100,15.700400,1.893540
6回目,17.801100,2.333480,2.561160,1.893540
7回目,16.975900,16.124200,16.802700,1.953080
8回目,1.955960,2.351960,2.360540,16.524500
9回目,32.869200,2.921750,2.048590,2.387400
10回目,1.861580,2.045820,16.481800,30.678300
11回目,16.461500,2.333480,1.936210,2.387400
12回目,16.461500,2.045820,2.154620,1.953080
13回目,16.975900,16.173600,16.695300,15.876500
14回目,16.975900,16.124200,2.048590,2.429710
15回目,19.297400,2.054360,16.811200,2.429710
16回目,17.801100,1.926670,2.048590,1.953080
17回目,1.861580,2.206100,28.671200,2.471280
18回目,19.297400,1.926670,16.050200,2.387400
19回目,16.975900,1.926670,2.360540,15.876500
20回目,1.894170,2.351960,28.671200,30.678300
21回目,17.129200,1.926670,16.266100,2.387400
22回目,19.297400,2.206100,16.481800,15.961800
23回目,1.894170,2.351960,2.192480,15.876500
24回目,16.461500,16.124200,2.517480,2.198830
25回目,1.955960,2.921750,2.212800,29.079100
26回目,16.461500,16.149100,2.044200,30.678300
27回目,1.955960,2.054360,2.269900,29.079100
28回目,19.297400,2.054360,16.012400,29.079100
29回目,16.461500,2.351960,2.190960,1.893540
30回目,17.801100,2.349990,16.570400,1.953080
31回目,16.461500,1.926670,2.360540,30.678300
32回目,1.894170,16.173600,2.190960,2.198830
33回目,17.129200,2.601380,16.150200,2.429710
34回目,1.861580,16.124200,16.570400,2.198830
35回目,1.616960,16.177100,16.608200,1.893540
36回目,17.801100,2.206100,2.084740,1.953080
37回目,19.297400,2.045820,16.134700,29.079100
38回目,32.869200,16.124200,45.984500,2.387400
39回目,19.297400,16.177100,2.269900,30.678300
40回目,32.869200,2.054360,2.399200,15.961800
41回目,32.869200,2.351960,2.190960,1.953080
42回目,16.461500,2.351960,15.950600,15.961800
43回目,19.297400,2.346090,15.700400,29.079100
44回目,16.461500,41.147800,2.269900,15.876500
45回目,1.955960,29.934000,2.269900,29.079100
46回目,1.889930,2.351960,2.280600,15.876500
47回目,16.975900,2.054360,2.409010,2.471280
48回目,16.461500,2.601380,16.570400,29.079100
49回目,17.801100,2.601380,1.989110,2.198830
50回目,1.616960,2.601380,2.360540,2.198830
51回目,1.955960,2.045820,2.212800,15.961800
52回目,16.975900,2.116300,2.360540,15.961800
53回目,1.889930,1.926670,2.034800,15.961800
54回目,1.889930,2.206100,15.913000,29.079100
55回目,1.861580,1.816540,2.190960,29.079100
56回目,17.801100,16.149100,2.659840,15.876500
57回目,1.894170,2.054360,17.384700,1.893540
58回目,32.869200,16.149100,2.006170,16.524500
59回目,17.801100,29.934000,2.048590,30.678300
60回目,17.129200,2.351960,15.913000,2.429710
61回目,1.955960,2.648090,2.360540,1.893540
62回目,1.894170,2.206100,2.537560,2.429710
63回目,17.801100,16.177100,15.913000,1.953080
64回目,19.297400,2.349990,2.838930,30.678300
65回目,1.955960,2.349990,15.913000,2.198830
66回目,32.869200,2.333480,16.570400,1.893540
67回目,1.861580,2.351960,2.034800,1.953080
68回目,1.955960,2.351960,2.374670,15.876500
69回目,1.616960,2.346090,2.135780,16.524500
70回目,16.975900,2.045820,15.913000,30.678300
71回目,1.889930,29.934000,2.360540,1.953080
72回目,32.869200,2.346090,2.360540,30.678300
73回目,1.894170,2.921750,1.668540,2.198830
74回目,16.975900,16.177100,2.184800,2.471280
75回目,17.129200,29.934000,15.913000,2.429710
76回目,1.955960,2.349990,2.516680,1.893540
77回目,1.861580,2.349990,16.570400,2.471280
78回目,32.869200,16.149100,2.190960,30.678300
79回目,17.129200,2.116300,2.245270,2.387400
80回目,16.975900,2.054360,2.360540,2.471280
81回目,1.889930,2.349990,16.481800,1.893540
82回目,1.894170,16.124200,16.481800,29.079100
83回目,16.461500,1.926670,2.084740,16.524500
84回目,1.616960,2.346090,16.257300,1.893540
85回目,19.297400,2.045820,16.481800,2.387400
86回目,19.297400,1.926670,16.359100,2.429710
87回目,16.975900,2.921750,2.034800,2.387400
88回目,17.129200,2.572860,16.570400,2.471280
89回目,1.894170,2.045820,16.275200,1.953080
90回目,1.955960,2.346090,15.913000,2.198830
91回目,1.616960,16.124200,2.048350,15.876500
92回目,17.129200,16.124200,2.823980,1.953080
93回目,16.461500,2.349990,2.048590,15.961800
94回目,1.955960,2.206100,15.700400,1.953080
95回目,16.975900,2.349990,2.034800,1.953080
96回目,1.889930,2.351960,2.048720,2.198830
97回目,1.894170,1.926670,2.190960,2.198830
98回目,16.461500,2.349990,2.048590,15.876500
99回目,1.861580,2.601380,2.212800,2.429710
100回目,1.955960,2.045820,1.438900,2.387400
101回目,1.616960,2.054360,2.860050,30.678300
102回目,17.129200,2.349990,44.214900,15.961800
103回目,1.616960,2.572860,2.212800,16.524500
104回目,32.869200,2.054360,16.481800,2.387400
105回目,1.861580,2.601380,16.265700,1.953080
106回目,1.955960,16.124200,15.913000,2.198830
107回目,32.869200,2.351960,2.212800,2.471280
108回目,19.297400,2.333480,1.830520,15.876500
109回目,1.955960,29.934000,2.048590,16.524500
110回目,1.955960,2.349990,1.834140,2.471280
111回目,1.616960,2.648090,16.357100,2.198830
112回目,19.297400,2.351960,2.087840,1.953080
113回目,1.616960,2.206100,2.212800,30.678300
114回目,1.955960,2.351960,2.269900,2.198830
115回目,17.801100,2.045820,16.570400,15.876500
116回目,17.129200,2.206100,2.121910,1.953080
117回目,1.889930,2.206100,2.190960,30.678300
118回目,16.461500,2.572860,2.151170,29.079100
119回目,1.955960,16.124200,2.394470,2.471280
120回目,17.801100,2.045150,16.119400,15.961800
121回目,1.955960,16.124200,16.481800,30.678300
122回目,17.801100,2.206100,2.132030,2.471280
123回目,17.129200,2.349990,16.841200,2.387400
124回目,16.975900,16.124200,1.712030,15.961800
125回目,1.861580,2.206100,16.113900,15.961800
126回目,17.801100,16.124200,2.404820,30.678300
127回目,1.889930,2.346090,2.172300,15.876500
128回目,19.297400,16.177100,2.633190,15.876500
129回目,16.461500,2.351960,2.207770,1.893540
130回目,1.894170,1.926670,2.269900,15.876500
131回目,17.801100,2.045150,2.048590,16.524500
132回目,16.975900,2.572860,28.671200,15.876500
133回目,17.129200,2.206100,2.078940,2.198830
134回目,1.894170,2.349990,30.831000,1.953080
135回目,16.975900,2.346090,2.212800,2.387400
136回目,1.894170,2.333480,16.570400,2.429710
137回目,1.894170,1.901190,15.739100,2.429710
138回目,16.975900,2.206100,2.190960,2.387400
139回目,1.889930,16.124200,2.162280,2.429710
140回目,1.616960,29.934000,16.345600,16.524500
141回目,17.129200,29.934000,16.304700,2.387400
142回目,1.861580,2.349990,2.269900,29.079100
143回目,17.129200,2.349990,2.010780,15.876500
144回目,16.975900,2.206100,2.037670,16.524500
145回目,1.955960,2.206100,2.341130,15.961800
146回目,16.461500,2.351960,2.190960,15.876500
147回目,1.894170,2.349990,16.037300,2.471280
148回目,16.461500,2.054360,2.223800,30.678300
149回目,16.975900,2.921750,2.360540,1.893540
150回目,1.889930,16.124200,2.482170,2.429710
151回目,17.129200,1.816540,2.208620,15.876500
152回目,16.461500,1.926670,15.913000,2.198830
153回目,1.861580,16.177100,2.212800,2.471280
154回目,1.955960,2.045150,2.048590,2.471280
155回目,16.461500,2.346090,15.913000,29.079100
156回目,1.861580,2.045150,2.372050,29.079100
157回目,17.129200,2.921750,15.700400,16.524500
158回目,19.297400,2.351960,15.913000,1.893540
159回目,1.955960,2.572860,28.671200,2.198830
160回目,1.889930,2.648090,2.190960,30.678300
161回目,1.955960,2.601380,29.062200,1.893540
162回目,1.894170,16.173600,16.337800,29.079100
163回目,1.616960,16.124200,2.132030,2.429710
164回目,32.869200,2.349990,16.690800,2.471280
165回目,16.975900,16.177100,16.236600,15.961800
166回目,16.975900,2.572860,15.913000,2.198830
167回目,1.861580,2.346090,15.913000,2.429710
168回目,19.297400,2.349990,2.212800,29.079100
169回目,1.894170,2.054360,17.078400,2.198830
170回目,19.297400,2.054360,1.943780,30.678300
171回目,1.889930,16.124200,15.700400,16.524500
172回目,19.297400,2.206100,2.208790,2.429710
173回目,17.801100,2.045820,2.378710,2.387400
174回目,16.975900,41.147800,2.143570,30.678300
175回目,17.129200,16.124200,2.360540,15.961800
176回目,17.801100,2.346090,2.294110,29.079100
177回目,1.955960,1.926670,2.353260,15.876500
178回目,16.461500,1.926670,31.867000,2.387400
179回目,16.975900,2.601380,2.212800,2.198830
180回目,32.869200,2.351960,2.360540,2.471280
181回目,19.297400,2.206100,2.494300,1.893540
182回目,17.801100,16.177100,2.727260,15.876500
183回目,1.894170,1.816540,2.360540,15.961800
184回目,17.129200,16.173600,2.212800,1.953080
185回目,32.869200,2.346090,16.481800,2.387400
186回目,1.894170,16.124200,15.872800,16.524500
187回目,16.975900,2.045820,2.048590,29.079100
188回目,1.861580,29.934000,16.481800,2.471280
189回目,17.801100,2.116300,16.481800,16.524500
190回目,16.975900,2.349990,2.538200,15.961800
191回目,1.861580,1.926670,28.725400,2.471280
192回目,16.461500,16.177100,16.282900,29.079100
193回目,32.869200,29.934000,16.037300,2.471280
194回目,19.297400,29.934000,2.596380,2.429710
195回目,1.889930,2.054360,2.048350,1.893540
196回目,1.889930,2.045820,2.013220,1.893540
197回目,1.616960,1.926670,16.295000,2.387400
198回目,1.861580,29.934000,2.212800,2.429710
199回目,1.894170,2.045820,2.034800,30.678300
200回目,16.975900,2.601380,15.913000,2.387400
201回目,1.889930,16.124200,16.481800,15.876500
202回目,1.955960,16.124200,2.188140,2.471280
203回目,1.955960,2.921750,2.006540,16.524500
204回目,1.616960,2.346090,16.282900,15.876500
205回目,19.297400,2.346090,16.481800,29.079100
206回目,1.616960,2.351960,2.190960,15.876500
207回目,16.461500,2.351960,2.262410,30.678300
208回目,19.297400,29.934000,2.360540,2.429710
209回目,1.894170,2.054360,2.190960,1.953080
210回目,1.894170,2.206100,16.481800,2.471280
211回目,32.869200,2.045820,2.126610,29.079100
212回目,16.461500,2.601380,2.048590,2.471280
213回目,16.975900,2.333480,16.481800,2.198830
214回目,17.801100,2.349990,16.570400,1.893540
215回目,19.297400,16.124200,2.135420,30.678300
216回目,17.801100,2.921750,16.507700,2.387400
217回目,17.801100,2.351960,2.624630,1.953080
218回目,17.129200,16.124200,1.608850,2.429710
219回目,17.129200,2.045820,28.675900,15.961800
220回目,1.894170,2.349990,2.360540,1.893540
221回目,16.975900,2.601380,28.671200,2.387400
222回目,1.861580,16.124200,2.567190,2.387400
223回目,1.955960,2.921750,2.207780,15.876500
224回目,1.861580,2.116300,1.958330,29.079100
225回目,1.861580,29.934000,15.913000,29.079100
226回目,1.894170,2.351960,16.134300,29.079100
227回目,1.616960,29.934000,2.215230,15.876500
228回目,16.461500,2.349990,2.449070,1.893540
229回目,1.861580,2.045820,2.086760,2.429710
230回目,1.889930,2.351960,16.295000,16.524500
231回目,19.297400,2.601380,2.212800,29.079100
232回目,17.129200,2.206100,1.927510,30.678300
233回目,1.861580,41.147800,2.666180,1.893540
234回目,1.955960,16.177100,16.481800,2.471280
235回目,32.869200,2.054360,16.020900,2.471280
236回目,1.889930,16.124200,28.671200,2.198830
237回目,1.616960,2.116300,16.180200,1.953080
238回目,16.461500,2.206100,16.570400,15.876500
239回目,19.297400,16.173600,16.481800,15.876500
240回目,1.955960,1.926670,2.048590,30.678300
241回目,17.801100,2.116300,2.190960,30.678300
242回目,1.894170,29.934000,2.048590,2.429710
243回目,1.889930,41.147800,16.926100,16.524500
244回目,32.869200,2.648090,29.053700,15.961800
245回目,16.975900,2.206100,16.991800,2.471280
246回目,1.616960,2.351960,16.180200,1.953080
247回目,1.955960,16.177100,2.034800,2.387400
248回目,17.129200,1.926670,2.448720,16.524500
249回目,16.461500,2.045820,1.897610,2.429710
250回目,19.297400,2.648090,1.541720,15.876500
